3347
2559
3886
5626
2791
3896
5879
2373
5151
5179
2317
4251
6773
6897
9646
9622
2800
3159
6841
4955
416
6383
3230
5977
7308
4807
9883
3975
11588
2452
9384
10808
7577
8196
3720
4484
8958
6209
664
329
4124
7018
2836
4330
11494
6151
1964
3008
5769
3061
5386
2414
3478
8693
7955
10167
5623
10182
2935
2390
5552
8116
5930
7385
3345
8290
9577
4069
3118
12355
7544
2560
252
6562
409
11016
6693
7761
4836
1889
9393
9465
392
7325
12551
11051
3116
11605
1000
11508
2460
2370
549
6444
6464
9566
1301
10252
4564
1812
66
6013
12070
3517
5231
10627
10031
5325
4008
10342
7613
5762
3152
4424
5760
5422
8794
1137
2220
3323
7103
5812
6327
747
11758
5729
11625
856
5241
2692
3699
6281
866
2046
4550
574
1013
2251
6416
1368
4529
2896
5573
6915
9996
5168
8559
4299
11642
3667
6652
11283
3078
741
3887
3650
4471
10483
8101
4769
6169
5310
2785
11703
5060
6266
2821
1047
7093
7801
2937
3956
9636
9328
7670
1657
2066
920
5774
3827
1900
3908
9965
7335
3238
12297
10881
10462
2337
9955
4373
3528
4034
3967
2575
12172
2558
101
7842
5641
9627
725
9068
7991
10361
5642
5574
2503
8417
11688
9726
7156
8001
7147
3649
2840
246
2152
1376
6138
2232
5561
3169
1444
7849
1527
3959
7643
10231
10245
2190
1743
6535
8940
12161
8863
5015
2760
8757
1966
2587
8558
11919
6106
9839
10455
5799
3421
6003
6645
11155
4850
9523
8205
10356
10856
1515
2544
1478
53
6065
2639
133
6744
3273
2039
8252
1829
5943
6875
947
4090
2244
11876
8313
8507
1594
1559
2222
432
11117
169
4267
492
9724
3714
1730
1731
2662
9827
9943
4125
4052
1936
3128
4812
10261
7313
8899
1860
4871
9318
7170
6468
9962
9847
474
5807
10933
1722
2738
6346
2758
7181
4268
1645
7630
5963
9991
6432
108
12146
8073
9694
7125
11706
8353
11628
10730
572
7871
6180
1784
6074
12088
10654
5700
9372
4970
1193
2852
4881
6012
2129
3135
1643
5181
4160
1471
7221
12006
1701
819
2342
2132
4303
9112
6800
7575
4441
7419
6787
8365
4598
11382
10303
4749
4180
4854
11277
4242
5797
4631
5793
3527
6488
7242
9041
4858
6083
2054
4254
3741
10410
10842
3209
7049
7446
10753
8472
10471
3494
6780
7222
4738
1835
9420
9732
4438
6634
3461
3099
5186
2954
10664
6441
804
7092
5526
1348
3725
8462
8838
7257
11681
1446
5337
4091
1208
6922
21
12019
1043
11064
4509
11464
7562
10880
11288
9576
5319
9961
7862
1805
3462
11206
5942
2335
4070
6543
1086
6173
4119
10264
6181
11354
2336
1476
10367
4678
12365
8294
10397
4224
3113
2464
8234
6759
12416
7022
4122
8753
6581
7713
3543
1394
6418
7497
5254
7095
6646
2212
10166
1091
6547
1693
10282
6167
239
5193
8211
2382
5586
6410
10460
3799
8230
4198
12306
9164
11134
10387
3782
11838
2841
1764
8176
7064
2911
5835
7594
4552
227
8869
6264
6005
4139
4286
1647
11330
236
1199
3427
7078
3530
4171
5157
6004
2047
4228
6982
1024
2426
10804
3408
6865
4732
11937
6973
12433
4691
7683
2354
684
2094
5360
4241
15
1940
9564
986
11437
7482
8347
1831
7241
10403
4465
647
5639
3833
7590
8375
8697
10386
6972
10908
6370
912
7900
4690
6497
6292
4875
824
9294
11140
1877
9587
5094
8751
1854
6174
6443
10659
1600
11275
8115
4401
4289
8754
6801
5551
1010
2484
7603
301
2578
5730
8710
7166
9339
9388
8928
4144
9467
766
6545
4431
1850
11187
7753
7279
6736
7068
9551
6730
4774
3482
3112
7417
8291
2705
10490
12385
7467
3734
6429
6420
10232
9969
7650
5484
12151
7230
1652
1530
3969
5934
10750
8268
3764
9105
358
5438
7021
10023
9600
11905
8456
1311
803
6723
11037
5840
5993
5522
5185
2389
1495
9458
2593
1521
1338
2322
3160
4087
1872
1373
7374
2203
12540
3007
686
5981
11907
4275
5954
9344
11031
4157
1312
10805
6470
4747
9111
4253
6060
5479
8524
3338
11595
6069
9568
5099
4209
10789
1787
10082
1366
1367
10273
7726
8684
10837
3278
2128
4670
1699
4439
5444
1554
11663
754
11566
9534
3822
3212
7179
11669
8824
4212
3415
12553
12005
6791
1654
4189
4488
3244
3446
1096
8119
11240
4016
12320
3407
1774
10362
6164
4650
12184
6825
6073
559
2366
5379
10862
6159
8678
10244
4015
6898
4233
848
8739
4932
1691
3618
7145
9442
629
3158
8591
10047
8111
9926
2759
2909
5656
8490
2028
9527
863
1147
9549
7361
7259
7898
7792
10335
11343
6435
3840
2058
3790
1402
10531
5818
9386
11447
3944
7661
9121
5501
9004
11796
2810
2673
12062
1562
4023
5391
5314
11950
8430
3416
8027
11935
6363
3255
5420
2208
9379
2525
122
12247
228
6502
11247
1625
3198
3612
7894
8689
4451
6864
3807
6294
11351
5233
4109
1978
9260
9509
9690
7295
6531
12192
12135
4817
7513
8692
1802
10413
1928
8087
5742
1898
177
6026
7692
11496
10381
2891
9774
6658
10196
10221
2793
6450
3958
8068
1484
8322
6991
2718
4874
12509
969
3054
1789
9326
1085
11410
10546
6750
7868
3916
89
334
5754
2273
10162
860
8149
7013
2642
11121
9635
6889
3042
1768
630
6310
2391
2216
8449
8432
8916
104
9502
8080
9083
10344
2231
415
5858
10535
1467
5190
8631
8938
11307
7622
3151
5063
3466
5499
47
2689
5195
10918
1428
6283
9472
1168
5280
2889
3688
5600
4476
11436
9806
8533
7848
5838
2708
9117
6706
1714
3635
1770
6071
9898
4731
2563
7333
12228
6064
8292
8802
7844
9826
11685
1420
3040
2811
11962
5350
9209
4938
10608
2919
6676
10530
12235
11388
5090
1300
8305
9844
3183
5105
3181
9066
3309
6487
3923
7136
9309
11721
8848
4307
799
1755
5166
10814
6757
6424
6924
11827
5636
11090
4922
4600
3500
1033
6943
2537
9235
1352
10917
4201
4908
4089
5979
2440
5297
12362
6900
7858
2941
2741
6804
9330
2300
1864
6254
6988
5648
277
6542
12131
7043
10830
6686
9471
7673
10894
2252
6006
10453
11980
2927
5408
4184
7711
1782
9750
3605
6263
3601
715
8497
3520
762
6143
3955
12227
10597
11917
10559
7133
8618
5024
12286
8634
12458
7989
6067
2308
5779
1245
5148
9800
8535
1555
980
4907
4805
4916
12215
3593
4231
96
6396
8583
8006
3349
3865
11156
1384
10510
5128
10745
790
7839
3719
2339
12315
7350
12248
7734
6566
4969
8402
7850
9522
2512
6391
11535
7336
8161
5969
2574
8738
5543
1910
6666
12341
9000
4448
8215
4277
335
7819
10573
8828
10122
6756
3261
60
3429
6306
4417
707
2589
1987
9755
8593
3606
5653
321
10475
1344
11342
10253
5964
6665
2439
2802
7201
8663
4004
1658
3632
9097
8199
2964
6637
11197
8450
5146
5865
9431
10326
6777
8410
3451
5266
7277
10313
9286
12432
5661
6304
5196
1632
4867
6228
1067
125
12486
7403
5528
9166
7873
10010
7294
1917
314
8175
5527
9740
7920
9125
4436
9108
9992
2195
5009
68
2553
4216
6695
2663
9734
10974
1552
10052
12038
3351
4972
2951
3239
7413
1171
4140
2678
687
2675
7271
1592
2361
1406
3260
4728
4495
1833
2020
4720
534
4724
7118
3839
4213
9120
1968
5537
10779
9151
8071
8341
3666
5534
12015
12405
1857
11690
170
6784
8447
7089
5555
12193
91
887
6041
9799
3728
9335
10810
5409
10081
1025
1893
11289
5687
2627
3368
6401
1431
1926
2591
7172
8737
1343
6046
3313
4980
6425
3153
10274
9448
10890
7252
6558
1827
545
8418
3925
12307
12377
4349
8050
10017
8128
11752
10147
1975
8271
234
2962
4467
7917
674
6494
7398
11242
1686
8554
5786
5112
4546
8020
3265
12129
9313
2015
4026
5278
9556
11773
9697
2085
8485
3810
12109
10582
1068
7213
2242
280
3657
8407
7253
978
11336
5437
4527
8438
4988
6554
894
5660
3705
8159
9191
11025
8603
1795
11637
10713
2406
761
9951
2709
8908
6895
5075
4018
2385
4115
10684
8822
6770
5218
10532
1873
10683
11995
72
8546
308
7549
12325
11942
4161
758
9994
7950
1066
10350
11560
8799
10969
1382
9186
2353
3889
5022
6774
1661
5892
1748
11413
8903
9940
5079
4482
9545
883
12270
2772
10757
3726
9730
5958
7971
5824
1804
919
4656
12296
5355
4400
5851
12217
3327
6950
5372
6273
561
5710
11575
3252
7029
4446
11020
1191
6737
3504
12411
8229
4039
7034
7238
4449
11652
4553
11205
5959
5470
6526
12245
8371
1593
6473
9057
8600
8070
5098
6408
7073
11062
5085
7293
9916
8516
1758
12404
11547
3818
9493
7982
1524
1929
7511
11746
11452
240
4378
1458
524
8213
25
6749
564
5544
8297
6902
4404
8301
1204
4698
2660
12064
6724
5898
9221
5383
12188
8187
6763
3211
3457
11821
8414
4359
3674
11361
1002
6976
820
8547
5651
7732
7555
12147
8081
444
10175
3454
3203
6980
486
7853
6412
3174
8135
401
7000
11552
3787
10752
3783
6714
4928
11122
10480
6471
4311
990
32
1400
4559
3694
5207
99
8839
1452
4762
7489
4276
1560
3547
9752
1677
6484
4868
12066
622
5252
3633
5493
9499
2215
12142
4397
7074
8800
10695
331
11405
7370
6882
5347
9146
3377
5801
5960
4035
1282
4832
11519
10092
11200
11188
7
259
4221
4536
5766
2900
5852
6638
11440
6880
4947
6792
3729
644
5567
497
3496
6721
5721
8655
5288
3791
9985
7501
9270
9350
3901
2979
1106
9506
6231
11334
224
3299
2876
333
8262
10571
6670
4664
422
11819
8376
6170
2732
5578
3195
10788
4428
7597
7339
179
4313
12460
5905
4458
6017
4294
2686
10564
2568
5093
6939
11395
9462
3089
2014
2824
11228
9076
3526
446
5670
7876
1672
2191
5987
7097
11094
3000
8133
8275
6097
360
11910
9558
8704
2196
7289
2225
9747
7439
7748
8687
6428
11070
4367
7461
7307
2021
6702
4304
6947
5674
11666
7309
5909
7686
4355
4882
7377
1470
7051
11922
10007
1945
11246
1240
5023
6121
4315
10358
11398
940
9400
5156
10383
10430
4
6062
11811
3893
8965
1671
8500
4706
2676
1754
8873
324
6331
6679
4927
5855
9560
6367
9924
1316
7037
9192
10685
6548
3484
6903
706
7219
5258
6873
6002
609
9443
2187
5461
2412
2093
6481
3353
5944
9141
3123
7857
9159
351
3644
8881
6127
2801
7004
3824
6955
7228
10349
1687
10782
4013
8306
11499
11672
9548
6086
5392
4549
12021
4117
5583
9497
9866
721
12165
6958
1396
6518
5854
1273
11611
12340
5947
1728
9518
2272
9984
964
10074
3776
8090
3075
10135
5345
780
9197
1221
7680
2173
5633
10077
2030
1340
3857
473
9444
10682
9065
353
4271
11818
1807
9714
8165
1298
8051
7579
3551
9435
7774
7490
610
2961
8088
9638
10431
1371
6984
137
11110
3243
5066
9434
12276
12494
10773
5523
10332
5401
4964
10449
3939
8995
4105
11526
2027
9215
7918
2448
7005
297
4856
4280
8518
11059
2441
499
4278
8654
5071
10516
3985
3523
1093
7356
11003
4660
1766
7919
7964
11538
10545
6607
8224
5688
2873
2175
12000
4758
2767
8467
10950
44
3458
12185
10271
8690
5477
4639
3552
154
3329
2526
6457
2892
5839
1904
4168
8809
11075
8345
7782
7914
5570
9028
4946
6068
6125
648
1248
7130
5953
95
12445
12363
4186
539
4260
9017
3836
275
9461
9349
5972
1895
9834
839
10681
3730
7709
478
12177
441
7913
6340
11861
8186
9797
5323
1455
774
5772
553
5529
4147
2963
11641
4778
6096
12322
6934
5671
11954
7697
4371
4354
2205
11007
9612
2121
1618
11687
7822
1697
1127
320
8510
7366
11098
3487
221
5533
3578
9917
10645
11310
7631
7094
110
6421
1277
5035
7870
1453
12054
10183
10395
8492
11233
10099
12004
185
2571
5446
10359
560
3801
9570
6785
2380
11782
7205
7649
6745
7393
5305
9047
5171
10149
8384
6953
1868
1566
3433
1330
4309
17
3938
4132
3388
6447
4350
4657
1907
6920
8385
9716
7799
5511
4376
12010
6772
5634
9404
12075
3722
10029
10014
10142
970
8741
5485
7828
9562
2294
11938
73
5584
1601
11189
7789
4194
8973
7117
11383
4339
662
858
10065
5515
7797
2618
4195
9079
8660
11146
1906
11978
7645
8164
7132
9374
2975
11537
1695
7298
8065
4725
4174
11315
9614
12302
1974
5478
10813
1815
12303
7400
1375
2906
8304
5135
8675
4846
5036
6100
529
6311
9630
7959
8036
11959
1808
2199
6687
12520
6293
12171
10775
7654
43
3305
8079
1363
10021
1734
3819
5782
6978
888
8025
4558
412
1215
3746
11961
11085
3444
11372
8775
11979
6630
3498
4700
11406
9210
1148
9104
535
5755
11014
7158
8847
10127
2388
9798
2409
9014
12260
11441
9976
455
1292
10443
5791
12201
11504
11806
7024
5842
11587
11597
8323
3871
11421
5243
5275
11596
8852
3769
10997
4792
7995
10656
6239
5836
5768
9801
374
6918
1019
12547
9890
11397
4443
3610
9025
3453
4274
2775
3059
3847
8471
10846
9529
9009
419
8386
9936
12025
2394
9625
10984
6647
5
601
10719
148
8261
5937
10027
8647
2368
10920
5089
3940
11480
11904
9039
9647
8426
3855
12053
4135
4618
12063
6623
9070
517
11728
9381
5996
10899
11850
7715
83
4032
11473
1315
8177
7100
7450
8461
2078
701
6888
1365
4952
1075
9363
6635
9292
10897
3060
585
6080
5201
300
10655
5291
1848
6299
6221
12182
6963
4127
9877
7543
10554
5929
7471
11323
7416
57
8396
4819
7620
2655
9719
636
9514
4123
5362
2070
5425
12106
8138
4771
9833
1550
4096
2296
7665
1021
9086
9516
11287
7571
2832
3559
12487
282
673
6185
1832
9963
7744
4442
3473
7524
326
3024
6620
3739
5870
8366
8495
11375
165
7953
2600
3217
7975
9651
8153
5032
6070
8041
8665
11400
4158
3033
405
8656
6528
1972
6329
9681
145
1504
9554
1145
8826
10205
3640
264
1820
3749
6007
10215
2011
5910
2820
7659
3178
11894
100
8096
461
1189
11028
911
10781
9227
8032
6163
4084
11542
9029
1769
9867
646
11697
8620
4301
11994
11675
10770
4966
5827
934
1185
1247
1456
3854
10278
2659
5747
3937
6114
5373
11741
9411
4205
10536
10110
2921
2177
6411
10098
9552
8544
4503
10148
9874
10919
3086
8745
8437
7028
3805
5654
12058
2135
11940
5637
4833
1991
305
4740
1219
623
235
8578
6204
9893
9283
6382
8162
5330
7137
11729
5467
11038
9152
7626
3732
7696
11347
5122
4116
1149
5255
9301
8457
8791
3475
4510
6533
1960
11626
1213
4319
1704
3877
8047
2375
1146
6651
9092
2264
7527
10105
12527
298
8999
7030
198
6211
184
2895
1496
7499
10831
3216
5346
7888
11651
6555
1438
3358
8206
1276
10671
5875
1163
5324
6853
9837
544
7447
4997
4419
5924
6137
10947
7885
773
7572
6362
11353
5160
6563
230
5058
4616
6990
11116
1493
8529
7584
2351
10463
2562
5659
6718
5506
5251
901
92
6227
10612
11219
3284
4097
1328
11828
139
7173
957
8258
6583
8764
3376
319
9863
8307
10968
3796
2752
5331
11363
3027
386
3508
6550
9204
2051
1003
7814
11204
231
2622
6833
312
4865
488
6199
7346
3186
4929
11065
3155
5604
8614
7986
6233
1793
9561
3220
10071
11114
1779
971
8394
3709
906
1961
8335
2206
846
3596
2588
1644
285
1605
1876
4705
5000
9155
8849
12522
4676
10705
8321
7491
8645
8933
6752
10079
12380
3199
2430
2704
7154
5891
2838
6202
310
2260
8288
3574
6738
591
875
9030
9360
9094
12041
7647
7186
8163
676
2508
1028
431
8277
3250
9171
3745
10173
4001
6048
1870
2936
6142
3038
817
6559
11523
2194
9195
4222
4785
3845
3365
6456
327
11551
1134
562
6567
6845
4513
2461
5521
5335
2081
9967
12344
3850
836
3256
3928
9165
11061
4602
5536
48
10522
5984
6827
4692
27
2444
11456
6802
10484
5635
8746
9888
4663
4860
7922
4983
10722
2947
11865
2884
8233
3912
663
2657
9592
3888
2730
2794
801
7031
273
5356
11716
8555
8049
9269
7609
9473
3105
5443
10352
6826
4708
4327
11540
8078
6300
10437
11256
11545
7483
6394
498
1158
270
11668
8146
11581
9492
1534
6034
8446
3756
7472
6088
1518
4707
2181
8095
3834
6879
5988
12375
10337
6149
6507
4547
12337
10011
9781
2397
11150
2315
6077
2
1639
8948
2938
2546
3047
4837
5994
9397
8752
5783
3628
8862
11215
7614
3949
6596
4535
1063
4474
11373
2595
1388
11659
7111
4595
3497
1424
8325
1888
10220
8099
8465
8103
12552
6493
8834
2198
9859
7292
10756
5866
6694
8155
9870
3189
9498
6857
6321
6642
11104
238
812
117
5649
6831
10409
11
10134
5240
5220
11179
7628
8343
2109
3005
1006
5107
1528
8886
6191
4059
5974
6927
11572
26
5902
7901
1233
4604
5901
12148
5557
10296
2868
884
7746
4730
1816
2189
135
10748
11612
2625
5676
6783
5819
6621
11885
7410
899
12480
3849
3110
11009
8197
5874
6110
2314
3023
7345
2042
10097
12249
3447
5679
9247
2059
1569
1157
2163
6840
323
5883
7245
8897
1016
6054
9532
3114
7381
6135
8408
2471
1954
10174
8787
9869
12549
3481
5867
3708
6436
1383
1483
2330
8517
3317
2278
7560
2352
9803
4902
10193
4596
1077
1244
5530
7567
1056
7779
579
876
828
6376
9124
3966
469
10790
2834
4199
10028
5935
11996
313
5361
1990
4054
2048
3290
1856
2280
11434
4024
6347
5456
2839
709
11212
8332
219
10963
3401
11763
12280
2045
4445
4204
1398
12044
12216
7016
1281
1953
4009
874
164
802
8907
9728
1129
10249
2666
2422
827
4243
4092
1520
1983
3014
6020
7456
6355
8000
6789
5745
4566
2969
3403
4197
6810
11356
988
1278
1004
2649
5828
7454
12481
485
11896
9139
3752
924
2749
4809
5565
11462
12138
10187
3079
9046
7291
7747
3913
8528
9489
2234
2193
7160
4363
7833
1041
10441
8642
4452
11401
7315
299
7504
5708
3809
9208
6018
11349
2377
763
9016
1653
22
7762
9315
8728
2281
7863
11000
2903
4167
3860
410
5082
2819
8021
2001
8763
8700
6610
9161
10527
3163
10673
8902
9200
6842
7363
11012
16
7985
10784
11525
3406
6081
12178
6746
1752
7565
7090
11747
6148
7854
7086
11249
613
7689
8740
1976
2981
2533
5917
8454
2482
6820
1942
11793
1489
6764
2917
12143
3858
6001
7375
9983
10604
4237
4948
8189
4532
2720
7352
7800
5945
1302
6663
6483
2552
4943
9320
8919
3989
4610
11126
1212
4137
7605
6732
1186
7648
6908
10224
8719
12031
6960
9359
2265
2161
5204
7906
789
10392
6144
3639
6133
8315
7057
5985
10867
8789
6371
7412
1935
11471
2263
2499
9960
8876
4131
10905
2744
3744
4346
6837
3162
4321
2703
69
7506
8625
900
2538
4025
557
10983
5978
5850
2088
1364
5510
2279
155
12394
515
8395
6386
10578
6426
7362
8668
10504
11617
3538
3108
11329
11048
9253
6230
2138
11230
552
10885
4246
1184
18
7999
10417
675
207
11945
6459
1843
1879
10379
11988
575
6039
5327
5518
740
3045
5995
9140
6076
12400
2341
12218
7053
9019
11851
4020
1255
4543
1818
3570
3150
2874
8113
11830
2504
4398
10492
10823
9243
1589
5714
12140
3766
5788
2825
8037
690
3304
8139
9371
3706
12412
1751
5997
11067
1514
5616
1369
7382
10622
1113
4063
10016
8543
9075
8411
4182
8496
3232
3316
10928
5800
11775
9005
11502
5298
61
4637
10373
6719
2871
7612
8825
204
2473
147
6619
245
7473
2169
2420
11912
4556
1884
3240
4405
4940
7235
4810
4840
8017
175
9049
9277
8511
12186
815
9980
10766
11136
3248
9131
2086
6458
9864
11311
5540
12105
9496
2257
1756
3863
11446
5609
3122
10978
9988
728
2357
897
11271
8460
4808
10133
10406
11251
7930
4557
1666
7451
11109
578
531
8387
6797
213
11880
5466
880
8976
11296
1008
10524
9034
6839
8093
2057
9900
9172
4410
7138
5421
9550
8034
4770
10731
2262
7272
12013
3165
482
7425
12464
3587
733
3184
2083
5488
12402
1108
10812
7890
639
466
4644
3176
11832
1098
2831
6472
3676
10013
10393
2661
142
5018
2454
9319
11600
2761
12080
11501
6716
2918
7246
9691
9749
9468
731
11531
6964
11099
6814
1651
4921
8923
12220
288
4500
984
12381
5439
5843
12078
12274
7582
5005
11947
4687
12049
7479
10828
2469
9930
11964
2652
9457
6212
3870
3067
12141
7671
197
2977
12009
3066
2213
1891
8984
11186
7723
2398
11131
4067
12369
4584
3320
7974
3609
10366
8204
7234
9327
4248
7551
3332
5260
1487
7423
12272
6996
2629
1736
3055
1105
11387
11291
5096
1813
2372
7635
565
3417
5813
9696
1529
3210
3757
4794
3548
276
4633
7525
9663
8026
3884
1454
8810
10602
5724
1689
9912
8266
10663
3121
8257
5756
2581
2914
3022
10024
8285
7510
2245
7662
4051
9954
7114
10440
12224
5503
10851
6515
12083
5908
7902
159
2612
10771
3661
6705
11053
5351
5318
4934
914
1378
4387
729
12212
11324
12454
87
10069
10586
11209
7323
599
656
8354
7580
1443
6078
439
3599
9908
511
8815
11549
6977
12239
8326
6255
12439
2227
3441
9623
7465
1370
11169
11477
4481
3247
10982
3314
6519
11715
7825
3638
11553
602
9015
4750
6328
5388
46
3558
4142
10650
7981
12285
4162
7764
1986
2217
5369
5030
7470
3263
2606
12084
7120
4680
5468
1911
11232
10144
10439
5707
6539
6521
2151
5795
2915
10075
7175
7432
2326
10616
717
4945
58
7512
5815
10418
10146
2719
6883
10916
7652
10422
8893
9130
8915
6576
6113
1878
452
453
11465
2598
5778
12288
10523
2833
4734
5038
10868
5033
3844
8626
9006
12236
9528
2060
4076
6217
6123
6532
5487
4389
8805
4325
4331
8144
10299
194
1463
4761
1988
2528
8657
597
8272
6190
11286
9788
2519
1853
8283
750
5249
10706
2920
10863
6949
11901
9340
4511
6312
2291
180
8010
9147
8925
4683
1749
806
11677
2072
5352
10870
6569
11432
9395
4869
2229
3835
6844
6359
222
7159
11999
1563
926
1488
7020
1921
3431
10913
12467
2753
2477
2955
9751
5563
8074
5358
8180
7334
11965
5234
11318
2459
5832
7798
6353
2610
8477
4111
9990
4519
7237
9743
10312
3002
2972
1101
4515
8538
6035
3837
11026
2733
520
7909
4308
6941
3685
8179
8479
8274
5504
10601
11185
9048
10857
11676
6413
9662
2805
1781
9170
12396
3586
4760
1437
8975
7790
7866
10372
2638
6220
5919
1617
24
8770
4312
11466
6892
292
2442
6047
11163
7598
11430
6216
6176
997
1825
4956
7601
6207
2041
8359
838
3976
6811
11660
1037
7194
6402
7188
10084
8223
9477
3544
4903
11384
1979
4961
10055
9702
10653
10874
10089
768
7463
11399
10384
9873
2542
7815
9010
2742
7015
8640
3270
5054
2332
9500
9439
9567
5765
7435
10774
1390
11925
11084
5900
3224
12530
3271
7487
6085
11166
5248
12330
6992
7080
5686
8478
7391
7570
851
8350
1918
8382
8532
7258
2243
1197
3792
8505
10955
283
2445
9530
11513
9668
7098
5426
1623
7040
8491
9944
2970
11667
10037
7505
3215
10720
8818
3929
4524
11890
3456
2210
10107
1675
4217
10809
11967
3721
11874
12086
5922
5644
8390
6274
495
12176
12123
12271
9375
10640
8318
2766
4108
3946
9946
2019
2276
4298
905
11231
2350
10401
3859
1432
6256
7477
2108
3621
8681
1299
11856
2786
3280
3629
5550
10980
3963
2379
10159
1196
7602
31
10058
5370
5915
921
6377
4435
7195
4064
9785
7695
6843
1080
11316
2854
10747
1659
5936
4062
1778
365
6893
7404
680
6267
8399
8878
6016
502
3021
7574
10742
3144
6208
966
5374
4539
7664
9334
296
11046
4901
939
5328
9425
12425
4415
19
1597
2405
976
10739
10715
2013
2098
317
11817
4671
1909
3987
12357
12300
7834
4170
1620
10637
1237
558
4232
10276
10538
9825
2782
6993
3098
9087
626
554
8714
2632
10914
2256
6146
4134
2861
7503
6214
9504
1490
1072
1995
5619
11221
10550
6965
2570
2283
11997
11846
1871
6643
3665
7921
229
712
3724
11243
8368
12194
3698
11259
4497
12421
4282
2404
7263
4061
3125
689
2301
4152
12406
9779
11932
7248
6691
4145
8098
7498
1320
6605
8708
9848
3922
10724
8929
1517
2530
9158
9303
11245
10986
5712
7629
12210
2338
3398
1345
9160
5804
10061
10416
3806
2307
10959
10317
6
6894
3998
7390
6650
4994
7480
10829
1409
201
6907
11700
12543
6617
637
5946
11873
9725
1959
1844
4318
3409
6072
3670
10898
187
3242
2762
4077
11867
4642
12298
5465
3191
8195
11541
11485
9822
4418
10887
2333
258
11843
915
4029
4353
3371
11953
5192
2773
4164
5733
792
573
1788
12097
8584
3510
9307
5923
4632
7405
11645
10818
8557
11840
7421
2856
6052
8147
4613
7243
7427
11771
10729
10646
1297
6296
11174
8843
2418
6836
6122
10489
4429
4723
3156
8451
10428
6385
9463
5705
9584
11022
3711
11093
5496
2875
10502
6031
40
8959
8126
3770
407
10926
3655
268
3370
5257
5605
7330
2509
2548
10844
9445
2490
7126
2768
6451
451
2549
5956
977
4985
4017
4211
4537
10108
4293
11749
4813
6307
9341
11218
7083
4788
7077
5253
10511
9414
6860
8653
7368
7320
6218
3646
2449
3571
4843
6829
11087
2974
4667
7758
4672
3440
5798
9385
3561
7507
6166
7176
7520
11034
10544
7811
3488
10120
12548
5177
4653
437
3006
126
6932
8604
12112
3287
10494
9648
3076
2922
11045
11695
864
4234
3142
737
3115
3941
11913
1553
8550
9871
12295
9901
8182
10786
4630
10961
3443
4480
3718
7934
2396
6462
11768
4360
1238
5986
7244
6921
2901
6282
7249
2497
5073
11881
5491
3588
8344
7167
7303
4783
7514
8652
5731
6672
425
4019
8251
10451
4917
12478
6587
5890
1578
2241
3993
1187
9795
141
2778
3085
1001
3965
210
12016
7948
1177
6933
5820
11428
7406
959
2468
338
5773
1971
548
7101
6477
752
12018
10289
11083
10257
6301
4898
78
5752
3223
2082
7360
10121
3750
5780
11175
581
9451
5267
2532
859
1735
6236
11650
12200
2523
5822
7174
281
456
7009
2120
3511
6517
2781
8118
4853
11021
6624
6058
6453
1776
3648
4652
7994
4727
10376
8520
6717
3899
8941
11040
3507
12124
8778
10503
3357
5059
9679
3419
8998
4475
6796
6685
6636
704
1775
9483
2275
9510
7998
6023
1404
8796
10219
512
6343
1883
4617
3553
7371
131
4390
6794
7596
7065
5189
9194
1399
6823
220
3266
11281
9791
82
7062
5982
6206
12538
12453
10509
29
3100
12208
5101
7267
10567
7047
8328
3449
6505
4336
3653
9835
7928
6715
1567
10223
8759
9793
5182
4737
9258
2640
4682
4150
9713
10971
9526
9782
4951
603
10952
8823
2150
426
9704
5100
2592
12258
7486
5849
7745
2285
11319
10354
3308
8880
1980
9881
10442
8561
3878
10277
2996
4483
8429
5287
8702
8340
10692
501
8048
654
7460
9373
2201
7407
4590
11252
829
4963
3862
5429
9754
2346
823
6095
6867
10339
10207
11946
3445
3983
11670
5672
8747
1690
2529
8362
9063
6798
7933
1952
2565
218
8388
5423
3092
3389
8072
7152
3509
9455
12334
10795
10202
3704
2664
771
10262
4655
3037
2055
9736
11616
11776
9429
1901
10687
2505
12500
638
694
6378
120
3335
4820
2602
8874
1507
6415
5975
7260
6747
2556
11577
378
10606
12434
1933
12336
7773
8609
1948
8774
12529
9753
9157
6899
621
6584
6834
2729
1925
10143
8416
2136
2943
11381
12451
10853
347
10295
1314
2787
11115
5069
11653
9447
3333
3675
9293
6914
3978
8562
2295
12120
11786
6911
12317
7273
8448
278
8835
9810
3765
11529
10632
4281
5261
9780
2717
1761
9911
620
7458
9639
4385
8698
5906
6817
12536
1740
10651
6656
4582
12508
5751
8720
10085
1556
9999
7035
7317
11425
2077
4283
6849
6179
5450
9928
8541
5088
7321
9422
3439
9511
5556
6755
8732
6317
7109
6242
1503
8905
1890
12093
4044
2945
592
7216
2614
33
9858
6766
4801
12163
1138
11416
6128
10260
2789
12516
7624
9308
7741
10576
8569
11718
5951
8662
12114
10698
6556
7200
67
7059
11678
9959
11607
289
12498
10943
8319
4654
1475
7357
5927
1079
7860
6579
8286
11710
10357
3954
2621
12087
8913
5452
6480
1044
328
4893
4470
1509
12532
1190
3459
6139
6120
9596
8682
1426
6272
10877
11248
1210
1497
5174
4433
3103
9093
1038
11520
5447
7069
10251
1202
6404
2266
5599
1060
9127
7338
6912
3678
8464
8444
10377
8055
1460
3747
7042
10520
7006
2630
6682
2188
11680
12183
6570
2061
6681
395
9676
7856
12539
7880
855
2050
3786
7759
1767
9178
9163
1839
10797
8029
6614
4386
9356
5480
4072
8872
10032
6171
7608
8560
6341
11658
7099
284
5628
3797
2145
4302
3298
6333
3467
1785
257
11423
6226
6501
11966
481
7710
8767
946
10126
6119
1863
420
5259
9927
12519
11013
4058
5312
1116
5582
11839
11550
4842
9126
5114
10629
4101
2200
8579
9416
8596
8501
1508
4677
463
1746
39
7367
7642
435
9701
8445
3895
12170
428
10732
8279
3568
2989
1745
3300
4413
8293
2139
11900
11299
2866
4977
7881
6188
3554
10505
9268
8969
7211
5785
5440
3781
2727
8989
628
1719
2774
1841
8672
7931
2637
6854
9453
10555
2803
2747
10388
9305
2671
5888
11731
10191
1427
10871
11730
8145
3428
12262
7925
5590
10940
7997
7646
7148
7226
3404
1655
590
6858
6008
3073
11863
6061
612
1055
8349
702
6350
510
11893
6198
6931
6288
10198
7765
11270
9683
462
615
11810
1374
7262
3326
2842
6951
726
9383
9343
11267
837
6595
3194
5286
3915
3686
6863
11765
8358
2886
2603
414
330
10290
55
9288
4406
11831
4710
7376
7651
845
8183
8912
11472
1614
5147
4155
963
12469
121
8612
2641
5285
11357
3081
5737
5743
4432
4384
11960
7494
12035
4551
1545
10922
9193
8053
2992
2026
10931
10093
5808
12525
8814
2374
8232
582
293
7476
4192
5332
12470
233
12219
6808
11216
6431
1694
6326
12492
3474
6741
10336
910
2233
7316
12001
5749
189
5427
5718
391
8926
8797
5847
5547
3069
8594
7993
11977
9196
3272
10152
5859
11993
5187
11517
6552
1582
81
3995
3602
4733
1814
6725
8866
1525
8241
1834
7674
3910
2425
6735
3375
129
6779
1573
7983
12191
11704
10044
4713
11226
5227
5646
8443
11095
4561
10154
11244
857
3413
7163
10592
491
3821
8552
8960
10965
9272
1461
9650
8695
6775
10855
12197
542
10677
1847
332
2224
3882
6696
12230
375
10761
9449
1568
2531
2223
1228
10496
9744
267
11278
3600
4827
516
2770
4712
7254
5064
8039
382
11783
223
1288
10140
1070
3472
6045
11825
10529
10243
11327
9563
4238
11178
3641
2411
10910
4629
11168
10481
1859
2438
11800
6945
9783
9723
4011
2323
10209
3931
699
5428
10878
11266
8595
9
10323
6957
11455
4531
5395
10849
7663
11812
3279
4839
3907
5039
8744
5853
9464
4606
2763
4440
6051
8031
291
6165
7058
11080
11927
1852
5998
3842
6157
6937
7879
8238
5896
11344
10259
3880
2419
5907
8216
5021
7538
10826
11152
6575
4479
3768
11742
3394
9865
10525
449
7488
7168
8330
12354
5571
9792
385
6944
1087
7791
6059
6152
5300
11474
11147
2363
5825
3119
1466
5726
7767
6760
7893
8667
8346
7144
4591
1629
7209
9071
12244
506
8131
10111
7055
11903
11127
9370
10518
3011
4341
10293
306
3630
6935
1579
9454
5295
3058
9118
685
8606
7288
533
2113
8487
3180
4156
7508
10499
1711
4322
6372
10039
5224
5453
4317
2645
3737
11886
6162
2211
12252
1797
7422
5735
3430
10059
3873
2780
5931
8280
7701
7875
2479
6891
4423
5080
5441
5062
7082
5419
3036
12292
1801
6896
10572
6238
8011
7926
1073
7046
3622
8022
954
6332
736
6490
10858
7772
12293
2828
3390
4759
3374
5860
6033
6324
6514
11738
8110
7032
10793
6906
9084
9175
9672
3053
7070
7669
10425
8331
4719
2978
483
8793
4883
12311
8339
8363
1970
3025
9304
7206
5111
3656
6544
2650
11332
3179
6712
6108
8012
9020
3793
8892
1896
8004
2585
1502
8317
2712
7305
106
9880
9061
3681
11957
10738
2804
6389
9055
12473
7823
991
5948
6516
5211
795
4178
7415
10036
14
10482
11213
9300
6782
755
2926
7445
556
54
589
4845
7372
10015
2653
9677
9666
671
4857
3760
625
10909
8773
7944
6387
7443
352
9543
7717
12149
5276
9091
1725
3126
8994
6195
211
10674
4877
5216
9412
8522
9162
4968
1741
10896
12324
6295
153
3306
3111
2237
3387
1042
8023
12119
4447
1902
11079
4900
9230
10704
3979
8568
2443
7478
9845
3811
6028
4554
6871
12331
5124
9150
12461
6268
4114
5989
2133
10213
6751
4053
10594
7617
3565
3334
7679
6271
10642
11899
6655
2290
6147
9513
8498
4046
12173
2690
9050
8795
8711
1062
1899
1858
383
9156
2423
2623
679
4071
6987
7808
9652
5720
7329
10304
2154
519
7408
8615
7757
1030
7729
11563
6962
595
9966
2467
7392
4937
783
11260
8781
8572
4007
5817
10230
7677
3491
3139
8967
12504
11860
1124
1963
2456
785
8502
8858
3823
3018
5803
6781
7140
5913
6615
109
8545
6345
2384
8779
11791
6140
2506
10699
7718
9440
5575
9113
8140
2436
8816
7899
12103
6177
1111
10325
3894
2699
10768
5961
7932
287
9535
9937
682
10404
11192
7869
12190
4766
7218
5458
8412
9081
6374
7285
3364
4522
1468
4751
2572
4499
6580
11582
11599
34
3437
436
3354
130
9918
3107
3129
2024
1885
1480
1619
8610
3717
6093
1229
12020
8303
11656
4022
8269
9688
11530
703
2669
8236
10624
5990
2960
10588
4202
9921
8806
6697
12136
6375
1574
5221
2427
1263
9490
3004
7740
4689
2214
10378
52
12152
10689
9119
279
617
5608
8398
847
2605
5170
2032
3619
9098
3170
7397
8813
3731
3974
309
4200
2765
3249
77
2980
4658
8415
5524
11869
2343
186
9525
11878
5667
2849
12488
7189
9338
9263
429
11459
6032
523
4685
12207
8725
4291
8018
2513
1930
6029
961
8979
886
12267
2102
12391
3350
10131
6590
4920
2417
7627
9508
4971
6606
12468
3960
6966
6731
12077
2303
8530
4756
10369
8830
798
7210
1239
11236
7521
4715
3124
11987
11521
11509
723
504
1117
3017
10438
3962
3541
1604
4773
2736
5322
9077
2869
1565
200
570
3041
577
9056
8617
23
555
4913
9365
12122
7444
11265
10113
4622
2882
7319
2764
5140
6995
11593
9432
9378
10087
7564
3206
6743
530
1286
10644
8327
3166
1385
12294
9611
10371
471
2017
5713
2817
6225
9501
5678
3301
8281
3493
4501
12164
11250
3727
5703
3234
9914
10749
8470
8033
6309
8607
2985
7910
4388
11407
2424
5459
11379
6523
2104
1132
7719
5208
4573
10861
5067
9261
3245
5002
11948
2074
4414
11184
5025
3525
4187
9033
8245
12465
4366
7820
9353
2119
5968
4490
7693
821
6099
6118
2455
3673
7217
8931
2728
4512
8391
10456
123
3229
10426
1542
2693
3044
7912
3536
2822
5809
4464
4847
2126
8235
10153
7979
7193
9352
11368
5770
7142
5837
5640
3097
12283
769
8481
2644
7606
7464
2344
4873
11877
5758
6768
12290
10960
8784
10360
8441
3319
3815
3012
65
765
10605
3214
6799
11276
5882
8075
1615
3697
4878
746
3070
9669
2734
7184
1668
6466
9185
7816
102
6699
37
56
10239
3560
12452
7965
12347
9684
11444
8227
10526
302
6460
3948
3701
3274
11824
1836
7896
6919
6989
8228
10599
3594
5460
1822
1984
6260
8069
8879
272
10733
8563
10903
9710
580
51
2691
2324
3951
7001
1040
7539
10345
8629
9820
4579
935
832
1894
7232
3518
6223
5715
10854
1408
1260
4175
9948
8364
6463
8807
7735
5225
4494
11930
3867
1285
4959
8342
7039
8650
5110
1445
9394
10088
7084
9685
2269
9271
2140
7261
1362
7666
11636
3795
372
8380
5645
8713
6422
4259
8067
88
11682
1914
7946
2428
8821
7332
9018
2431
11511
2923
3763
6510
2470
10192
11570
11125
10331
10569
1967
5051
2929
11527
3145
2165
6713
7730
1783
7996
190
1532
1450
1112
6344
4987
10726
10811
9337
11887
8169
274
1931
7116
9680
5846
10370
8871
7687
1712
8250
634
6754
7967
11565
64
10086
2106
2908
3499
11544
4249
6616
12128
7821
2378
5132
413
7546
3997
12511
1513
7636
2036
1823
3412
8220
12368
5489
4393
433
2710
263
8270
5365
4745
10852
2207
12048
2913
8255
10985
1547
11732
12475
5435
841
949
50
2347
7817
7877
9891
9143
669
5150
1777
10327
12450
7411
3778
7838
5138
4603
11355
3743
3592
2009
11482
1097
5627
7591
10288
322
5084
8586
7882
5869
3173
3490
3091
9222
2879
3213
10382
5119
8480
10009
11643
10330
5173
4577
4206
2995
10000
7756
12506
1897
6289
1451
188
5591
3064
5665
11469
1698
8289
5792
9503
3545
2881
1811
1218
8427
8194
2958
12222
8570
2697
4478
9228
12342
2386
367
399
4870
5764
9729
10101
5363
6090
3890
369
8282
6357
7151
12512
9266
6862
6400
3077
1500
7813
9722
8239
5203
5999
10100
11754
11263
4177
7516
255
7324
1999
1405
5333
4638
3235
4003
2450
8424
10838
4038
7678
4065
7754
4796
10210
10630
6107
12493
5833
11633
11158
6662
10041
4797
2037
3942
12518
2197
4153
7180
136
11386
4787
348
5722
2607
12167
10631
4890
2049
10269
9367
4012
5394
9223
1882
9572
5008
1581
4066
5857
5728
2162
8889
594
3906
8190
11258
3569
7072
4225
10445
4659
3973
421
751
4851
1143
9739
9229
2320
7265
526
1548
9207
12513
7958
540
6439
4767
2331
4172
1584
12431
3662
3219
5074
6498
605
4601
5829
3257
3947
2953
2012
9248
2993
6593
9180
6537
9366
5010
10589
2580
7937
7496
1294
2543
1407
1916
11591
4999
4575
1794
9733
8440
3438
6009
7264
1875
380
12156
2631
9641
7558
11926
4525
4037
12501
1291
993
11936
7379
9742
3065
11555
3448
11198
2329
45
4560
10574
6885
6036
3117
3614
794
9145
3101
9540
6689
753
5380
2182
4526
1114
7795
10348
3519
2950
7204
203
1403
10580
7462
8859
7716
10946
4799
1499
6961
6598
2318
5753
7785
713
9589
11305
12353
5078
4505
7185
7275
3883
4316
3813
2432
6577
2160
1679
7155
10137
2924
3168
10581
12435
7610
2796
3803
9244
892
567
3052
9907
1708
6414
5282
36
2860
2878
12476
5206
9853
6761
7672
5558
11371
9403
4352
6393
11390
2636
4702
5414
9790
2228
10341
5618
4374
256
7359
340
12023
9475
2858
2485
7060
10163
6287
3567
3336
9857
9331
9038
10294
1707
1329
11164
2496
1845
2898
1596
3455
9369
3573
11154
6351
10973
6671
11898
393
2609
7143
5320
2249
722
3464
5344
10129
10186
596
2779
9657
4998
8954
11709
3035
6503
10760
11847
6082
1009
4679
8521
8699
10
6582
563
2680
1943
12447
12213
12091
3410
8434
11562
5121
10741
1519
928
6461
6417
11647
6872
12253
1817
4033
7191
4949
7384
11257
941
11101
4328
1700
7229
3800
1867
12312
4681
1031
8442
10419
6158
1200
7960
4855
11835
6361
11102
2365
5040
10583
75
7153
11973
3918
714
11348
336
6275
5436
10285
8911
3476
3777
10561
11167
11141
205
2271
3531
10587
9276
6729
2392
2407
5856
8887
10365
349
111
4822
2099
2711
80
9640
6851
8601
12414
226
10104
10892
8820
251
9949
8587
3074
6848
5164
7202
2688
5595
5881
3994
7215
891
12438
4586
1522
1122
2959
6476
9613
138
11120
4335
9060
94
5154
10798
10807
6688
8248
3788
2847
1919
3286
4649
4588
5307
3322
2520
5513
6381
7355
5432
7096
1956
9802
10472
3634
10954
6734
5845
1688
11229
8709
8320
1100
2004
6111
2902
6586
5130
1182
12304
9707
10038
653
6708
8519
2626
7962
6776
9521
9177
7684
10042
1264
1660
163
9787
8635
8503
1198
3485
9107
11326
1717
1034
10019
904
7530
5141
12374
1992
10495
4608
6250
3246
3773
10150
4244
5848
11418
10176
9488
3201
10557
4306
8413
3917
10639
4273
9737
1826
4780
9476
10300
7640
11415
7300
1397
10964
1115
12338
5509
8389
2466
619
118
9021
2123
4859
206
496
6923
4227
427
7807
9219
8060
4829
9433
3693
10374
10240
7395
3204
9250
8254
10301
9979
814
3175
1139
2672
8643
6366
7957
12069
4048
5199
12309
11762
5806
4457
11100
9537
7402
3758
3489
1636
4661
9808
7712
2510
450
2462
4472
5113
12042
2534
9703
9306
3479
6156
7199
3083
8637
587
7810
10962
1809
9860
1104
8811
8499
7429
2463
10992
9450
12426
11539
2654
1125
448
2421
6806
9989
8468
10643
10003
9836
10464
6259
2235
5149
10652
627
1732
833
7383
9424
404
10204
11829
4154
7250
6442
143
7380
4528
11393
152
9986
6847
10817
6803
8352
885
6959
7924
9099
8208
10194
2148
11475
12029
9392
6940
1506
9945
6240
2651
12491
724
11461
9687
11584
12166
9809
144
2702
11769
12071
7837
11202
9317
6946
7706
8171
4165
8983
7344
11074
6000
8567
11419
12436
4383
7365
9407
6639
8104
1656
11076
2288
813
11234
7162
1607
271
8585
9452
8679
6184
7523
5830
8582
9368
1102
6632
2355
8769
8565
1083
6818
2141
6454
5109
1257
12127
10203
861
1440
9082
1838
1334
4580
1151
4825
192
6319
3068
4005
11724
8287
10258
7587
4583
7708
10551
7855
4104
7165
1590
3010
10848
981
3026
4765
2925
3362
2893
9756
9773
660
10638
1622
6245
4735
8056
10832
2658
7832
11889
2035
1017
8765
11145
6105
344
1081
1005
10924
10859
11338
7304
208
2788
4886
3049
3227
2725
1412
1949
2524
11748
10623
5568
11071
5034
9632
12523
7776
8184
10869
11294
7437
9604
10195
8978
6368
2434
4422
5407
7639
10735
2367
11944
5941
1635
4239
10562
2413
3348
10596
9321
1356
5872
7861
1903
521
7212
8895
2494
11408
10751
6668
6406
10459
4370
2561
1351
12333
5256
4369
8724
2643
1939
2776
8666
10938
2073
4229
3420
6936
11092
10399
1977
10633
8264
6134
6753
2062
1924
2289
3761
5885
250
8611
10945
8356
6828
5719
1324
9759
8841
4068
1309
5911
4110
2577
10570
11159
1110
8628
6824
2183
5763
10157
2498
3868
5448
8717
6748
2005
6832
8877
394
10171
9480
3360
4643
3636
6446
8875
2845
5899
10686
3897
1159
2550
4297
3707
8730
2536
3733
11512
8885
4272
8551
9285
950
9437
2395
2184
4266
8715
3480
927
8853
4703
12534
5454
8592
6512
8649
11870
2399
1290
5970
6622
5292
973
3874
6684
4477
8949
2023
8019
10018
8361
4923
3315
9485
476
6509
8167
8312
1800
6500
2514
10669
370
6336
182
1223
9062
6161
4863
5889
6928
9686
3789
1989
3330
11674
5681
4362
6197
1183
232
9024
1342
8865
1325
4514
2754
5683
12275
3659
7769
3624
7766
6246
1642
7509
6855
7653
8937
10267
7225
8962
5630
5709
9693
5209
3285
6538
9116
5348
6467
5863
8409
8506
11002
7990
7743
7124
7492
7044
5375
10514
10272
2939
11578
12180
10528
4450
6812
3999
7474
8686
4411
1144
11574
3137
2890
7625
2087
4944
11362
1485
4113
477
6124
11733
6815
5542
9547
11491
3050
2226
4806
6527
9129
2933
998
10222
1120
9389
12116
800
4899
2084
3218
700
11008
8166
8701
834
3647
7553
4261
2112
6981
513
10423
10020
8243
2991
10736
7196
10340
4380
4571
4962
1575
12442
1932
7353
11931
7122
3740
3909
1231
3990
7658
3029
3422
4530
49
4904
2458
7286
8247
4965
3127
7161
6153
5955
3902
1927
4463
5434
8482
10942
6313
7604
2880
8392
11443
7637
3133
2299
8947
3207
5247
2478
1750
10708
10307
11857
8980
6234
4914
6129
1792
7141
8130
8882
3093
1322
5976
6430
3385
5296
1886
1606
586
11063
357
6186
3660
2481
10329
3831
11409
5017
4181
11454
8170
8658
9225
778
9953
3106
7633
11618
1981
11358
4427
6320
7534
1670
5031
6103
11790
5663
6192
10208
2726
5498
355
10363
2360
4437
2447
3391
4169
4049
3961
6115
8357
11427
11983
7378
10506
2305
9137
6536
5711
62
7541
384
9148
8993
11036
8124
616
4755
1799
8246
10141
2857
10180
2297
4711
4279
4523
9887
7453
7301
4830
12118
9902
6316
5727
4079
2931
2043
4284
3690
9430
5992
7192
7106
3341
6247
6407
2877
9741
1232
11194
1696
8817
4323
659
7941
1608
10106
8249
640
3702
5316
9469
11268
12223
3386
2186
2601
4739
11602
8867
10270
8296
7573
3869
1626
3926
2495
1505
5399
6524
10746
12370
8812
5525
5367
115
10226
12466
12308
3226
5290
12301
2573
3148
12318
1665
3378
7373
1773
8677
2628
7533
1803
4086
8597
6354
4697
3892
1216
543
2855
35
12417
8191
7351
7528
8659
546
11958
666
3501
5750
10324
1395
84
5925
8046
7704
9922
600
2080
11915
3339
6201
3595
2071
9653
6342
7852
10165
2748
4798
1419
1414
5650
2067
209
8854
10450
7310
9970
9909
5669
9705
1141
10995
7328
10046
74
7887
6262
11489
7872
3396
3692
11220
3259
9101
8917
8360
9438
7581
9231
2321
4835
9297
12423
5403
3971
2965
1649
5412
10665
8256
9952
6589
4287
6066
11047
6150
1837
11027
8850
6141
8379
8748
3090
3486
7127
2928
8336
2944
5694
10454
11457
4976
5740
2743
4485
4628
3237
3970
11322
6909
9358
5142
4986
11546
1462
12415
2799
9211
6870
12257
6602
4619
9345
4421
1491
10778
8209
6540
6053
3898
8846
2159
4534
3838
4130
4073
7515
3373
3924
840
4334
3784
12137
12544
7113
6455
12155
3164
2312
2835
2700
11325
6868
10728
518
5473
7164
3147
2554
4640
5194
665
11078
11033
10268
1207
3031
9598
4050
11478
11756
873
9812
8780
5777
3411
3267
5734
2853
4492
10116
3927
11834
1887
7348
5691
10234
1938
3785
10415
1220
9590
2116
7500
3677
4143
6091
11610
12407
10787
12510
6089
7615
2769
618
965
2259
5097
9964
4693
11433
1355
4333
6657
943
2476
10925
7727
9767
457
2246
3505
11429
2982
294
4290
10953
3683
9519
8173
5554
9643
4909
4675
1842
8804
6654
708
9605
10670
3057
8316
8237
387
7568
12378
7239
11476
11972
8054
2952
2311
1217
642
12277
10727
4743
10552
11795
5405
2381
7056
5940
7256
5118
8253
10540
9325
6369
569
11679
865
12499
4581
5070
9660
12351
5393
6219
6956
1076
1449
6866
10022
5871
683
9376
8691
30
8726
9766
7526
1881
649
7027
11227
11050
162
3221
6974
11301
3465
7884
541
2149
797
2698
8397
5610
12022
9784
10762
7079
3468
1027
5620
9973
7750
3712
4939
522
8566
114
4351
4625
8134
4220
1993
7048
4257
3603
9715
6183
7611
9633
3460
2988
3585
4975
12150
4990
3968
2089
1054
5417
7897
12099
12204
10994
979
5389
11951
10712
1252
6423
4931
5802
11105
8755
8295
1243
3651
10939
7938
11648
2029
12255
1944
7449
2103
7840
10967
8181
11532
2166
968
4262
3134
11193
7545
9382
8842
1119
2813
8861
337
3620
3772
5226
8221
1226
8927
10723
10906
11183
2681
8109
5239
7424
9254
10090
3104
9184
6733
8466
11837
10493
2298
6856
8003
7045
4518
6850
8086
1429
4103
3291
956
2604
7676
9855
6419
3154
1501
1333
5343
4310
4746
9975
6565
5796
7970
2750
11510
9906
3512
2137
7865
2798
10225
8475
12268
8646
6628
1224
4486
5398
5431
7831
7442
10763
1180
244
2362
158
3710
8956
8
3495
6597
316
6334
8142
8423
7550
4866
7157
11968
2888
9823
2990
5607
103
4544
6224
2371
870
7475
8100
8129
10693
11274
8172
11479
12496
12024
1256
8369
5706
11998
2100
9789
5834
2369
304
10966
4753
10199
7775
4356
6641
10619
8278
5926
438
1014
3713
10102
5611
9413
12055
4627
12100
5061
3555
917
12387
2274
4357
6284
8486
10864
6392
5566
8240
786
4748
6495
5897
2310
12358
4461
1780
8750
2527
12090
4777
6102
10321
10012
11725
7859
10049
8990
12427
651
3804
1094
11879
1214
5698
8403
670
8870
7431
8955
1035
4269
8329
11554
6322
7224
10710
4950
7988
8024
11989
262
8768
9897
2192
5971
6758
3905
8831
1380
7547
6852
5539
9829
10407
7656
8632
9173
4138
9631
9675
2358
2830
8602
9884
1861
738
8749
985
8422
2850
8168
5462
9051
8733
2465
8302
2306
3157
6942
955
1136
4300
5868
1510
6881
2348
2806
2517
1631
10972
8489
7644
3483
6553
2158
1865
8531
5589
5967
2359
10334
11892
1165
10217
6534
8143
9889
12089
2620
346
2701
3503
9512
881
8094
10500
8777
11854
5816
8801
7240
11579
171
11608
5046
862
7583
5129
1951
3853
3393
3572
8028
869
8030
3715
2016
6771
9520
7251
11556
8786
7641
852
942
4729
796
119
7952
6257
10657
9187
3200
5545
6821
4668
8160
6132
10791
11594
11820
12261
3513
7268
9495
10128
3691
3182
11845
10432
2597
756
4036
11543
4193
1447
2230
4252
604
3293
8008
4763
748
8630
10758
962
10696
12278
3637
6101
9042
11788
12233
4468
12265
6258
8599
5145
6269
2848
3812
1637
7135
11699
8122
377
6193
4572
4000
12259
6788
598
1996
5180
4736
8062
2814
11352
1558
9002
536
7394
5410
3775
4957
4151
9267
1249
3132
6675
6591
4545
10542
6890
3597
8974
4888
9807
12264
7340
2984
11895
4364
2966
11590
9396
11779
2731
10709
12108
2829
9533
4395
93
406
11404
2795
3363
10094
191
8556
3136
3816
215
5091
8035
8514
9032
583
3716
5601
1048
199
4112
173
8705
7066
4163
41
1709
1015
2723
8428
5921
8900
7314
11171
8308
11705
11328
6601
3738
4891
1305
6291
8333
8014
4247
6608
8648
4453
6711
8244
1156
11302
4075
749
1557
6465
9078
913
2566
7012
11142
3222
12321
770
1135
11004
7660
2000
6075
9199
5250
4804
5390
1613
5321
11293
4894
6325
9699
4347
10311
918
4992
5481
9153
1201
551
9351
5598
11774
59
7751
2983
9546
5457
5939
4041
3372
4223
5950
1821
7777
6203
1007
8837
2117
3397
7399
10083
11970
5483
459
4726
12392
6305
1934
8066
11238
7738
454
2416
6876
7935
6985
8680
400
1095
6600
4188
692
10785
4056
10002
1194
3233
2157
11481
10066
2202
3193
6997
4399
5472
1577
8370
9058
5197
10875
5776
1061
10904
8537
6172
6448
8598
5376
2209
3432
11225
2677
2968
124
9770
2236
9169
6578
1985
9100
4540
3846
6037
593
7493
11536
6335
5810
1304
2302
2033
3072
5137
5144
42
4179
975
10280
2435
734
2967
2429
3296
7041
11719
7714
10923
12281
3611
691
12329
63
5162
12033
6709
3952
11780
4149
6520
3051
7607
10076
811
4563
8890
6290
4924
11673
3658
3082
2364
9854
11955
7008
641
7428
217
8452
2656
9123
7936
2253
3577
3442
1296
9106
4045
1790
6253
2403
12092
650
6337
12528
4381
1280
3576
10626
2170
5274
6112
8661
10840
11757
10486
9252
7721
3861
2487
8716
3366
8092
5873
8829
11606
6182
9816
611
7297
5823
3190
1586
3872
10050
11148
9885
5560
6629
4258
6237
4910
5309
8222
113
764
6388
8761
10907
4879
6886
4645
4911
7517
3802
8707
8651
3046
2025
1011
1052
9977
3668
11149
745
5001
7578
10302
11849
3703
6549
7278
9583
6703
6971
2987
11911
12455
8988
3352
10799
1869
4126
2555
3900
3506
3
4995
1892
1744
2613
1121
9310
2286
4434
3303
6869
9138
2255
2270
9599
9849
4095
1411
10229
7266
7187
505
11696
1433
4382
9595
8493
10764
11750
9279
4973
2611
6599
12535
9460
8393
440
7770
4425
5973
4491
9760
3762
12104
8107
844
5077
8571
5862
7274
1275
12395
3664
632
8351
6249
11882
3231
3843
776
430
4121
3502
8703
4082
4348
907
11567
3071
2319
8377
7178
10767
1401
1729
10519
11787
953
12479
777
3001
1915
417
1313
8888
8901
10233
9284
1587
6728
1498
9771
2179
8788
5916
4520
10161
12316
7067
8212
70
3310
2826
3984
2131
6104
7895
2068
12376
11665
11516
5757
107
12437
1
782
4647
5490
10996
9544
9198
8381
4576
2221
11118
7247
10824
7803
10628
9606
2356
242
2887
9206
7102
3631
193
4120
9262
2797
7302
11976
10755
2147
12043
4673
1430
4214
1069
3146
11312
4935
1393
5334
241
4841
9794
2018
4183
5775
3282
12238
1683
742
465
1306
5682
2579
3140
6213
10188
12134
6618
12273
4967
3736
6479
105
6038
5127
4375
4085
2155
11744
4942
11172
8534
4118
13
2784
7903
9621
9069
6905
4779
854
7675
8013
8627
1195
3383
3584
11337
6910
5205
9441
12521
3851
3225
4721
9971
10714
5831
7992
2480
7281
8845
1603
4823
4838
6010
7787
4203
1516
10338
9482
9474
12145
5717
8083
7619
1786
3556
8455
668
5962
3604
9031
8310
2521
2022
11369
2518
7386
11412
1020
10930
11814
948
4674
1084
7589
8833
3934
4006
9735
12117
3196
7326
2584
5455
423
1982
2674
3825
7818
5430
10025
6506
8894
2815
3774
3828
2038
2410
11586
8766
7576
10636
4502
12393
10549
8840
7105
5178
10284
1090
3617
11153
12418
7836
9895
9557
6692
6846
8742
8580
6564
4594
11450
4814
11635
3779
8921
1828
12036
11991
7634
8513
2402
2792
10834
5876
532
3623
3943
8992
5767
2976
2633
2872
9708
6276
5811
11500
11963
9110
10513
8540
6938
5368
489
195
402
8930
8935
7638
5677
7468
10246
4781
8575
7085
12144
361
4146
3988
8616
4688
3696
7737
9882
6278
5675
10836
2567
1082
4885
9695
4665
3748
2185
6530
10944
5486
4344
468
4010
6452
6390
2912
10932
11630
11507
20
479
9588
6248
2594
4210
10610
9950
9593
7433
3425
6722
6330
3367
6690
1176
7119
5092
1474
9931
311
4684
3817
8982
11295
7742
10412
7830
8226
5612
8985
12440
6778
5692
2515
1046
12310
7017
11396
12242
1830
7707
2174
10179
7061
12095
12408
11794
6235
9176
5136
11392
12240
2502
6349
7081
12537
9664
2755
1173
11822
12289
1723
8934
2483
9786
11370
7599
8855
7826
12076
10346
4416
8884
4701
7940
368
4094
6087
9418
11113
2930
695
8372
10680
5176
12313
1880
9846
3470
343
5624
3264
6884
11662
2846
10468
11934
6970
9819
6807
11180
999
9044
2304
7685
1287
614
3312
6795
9391
8727
8943
12209
2180
5020
4635
5188
3463
6994
1416
5086
7430
1088
2735
11495
11974
8819
6360
816
6098
730
9505
11314
5884
4612
8782
4538
2293
11640
6513
2994
11804
10948
1715
8827
408
4802
11162
8942
4641
11664
10444
2327
5841
1230
7023
3294
9132
1526
7812
3841
5315
12205
5844
8453
6653
9987
2916
10970
1819
1391
1188
6769
7282
4818
5153
79
9417
8469
6790
6482
1920
5912
10185
9615
4695
9712
11902
3771
1050
6603
4060
8435
7781
6352
10001
10716
11766
2334
7752
936
788
10414
9674
10461
237
2040
2076
8706
9840
681
1905
12159
5585
12382
10621
2376
6395
503
424
2946
11377
11389
8760
4098
5748
1262
71
6739
3095
4420
607
2313
5541
5696
6631
4365
6027
667
4574
11801
5500
3275
181
8515
3891
4533
10398
4861
2453
7805
7593
8961
5918
4469
2248
9689
7396
4717
5476
7698
1417
7327
9772
7121
6901
8148
6700
6303
4905
10676
8951
11272
1576
8577
1074
606
10547
972
3832
12319
9727
2250
6358
6740
2238
1874
4662
10103
9399
5514
243
9559
6175
2400
7343
12030
1855
3384
12206
3794
7984
5689
5235
1039
2415
8059
2583
9190
3120
8553
4508
7146
5666
1481
11394
10721
9831
11023
7299
5475
4332
6546
10539
4473
6720
3149
8504
9240
8688
1851
5068
10956
11006
2349
1092
10579
2069
116
10250
10821
1824
318
1533
2240
7618
9182
1032
4696
6859
2615
1840
5041
6252
1494
3671
6979
3087
11629
528
4936
2472
7436
2668
3084
6925
11414
1994
11056
2107
1161
4459
12531
1071
12056
1810
9329
8939
11833
11956
8525
3932
10901
759
11698
98
7720
9777
8355
2111
8082
2065
9804
11739
6491
3109
6809
4107
7939
10517
7502
6109
11638
10446
9073
2287
12524
3590
1941
3241
7595
2790
10045
4897
5505
4919
4555
10498
8348
688
5580
4081
849
12181
10211
7197
9775
5548
3643
5103
9296
5643
661
7682
7722
8136
1448
3251
11044
4709
5519
4615
8117
4862
6707
11467
7554
9428
8063
8676
2239
8225
3848
6232
7600
10287
11914
11522
9168
411
6830
9553
2316
5377
10927
9935
12007
5169
10057
2167
8860
4342
1477
10888
8836
7929
12326
1261
4982
9043
12446
1796
3645
12503
112
11734
480
4686
9022
10283
1377
588
5028
1319
12471
3521
85
1866
2218
7131
4876
7668
11614
10151
10566
11082
11254
11024
6930
10707
8832
5821
657
8633
12379
1549
3344
6280
3735
12477
8790
7026
12428
6229
5581
7276
5983
10265
696
3903
10822
4872
363
4548
7038
12361
12202
2907
11598
4587
12507
719
295
5200
8950
9459
1616
11813
4565
11603
2885
11487
2557
3414
7841
1630
7003
6265
9995
1473
8042
12541
5047
5980
6952
10841
5418
7312
9053
12057
7342
9011
5469
4828
2771
4498
4235
4409
9001
38
12410
8009
5342
6926
1791
9446
5933
6055
5048
10080
2576
4265
7233
7954
9958
11424
12366
1539
4133
4764
7563
4263
5517
3450
11848
8736
4326
6348
9778
8210
2156
6625
6916
9362
11035
178
1160
7905
5037
8483
6640
2095
6187
5413
9517
5904
11445
7014
1588
3542
9154
2340
8526
8152
1738
3138
822
7794
443
6609
1849
9709
8683
3143
2204
12484
11041
3669
2863
2501
9904
11417
12162
2682
5283
6613
1798
7518
76
10672
1131
5516
1713
9824
739
396
2437
8613
269
4542
6983
7322
5317
3088
11442
7128
5308
10434
1965
1912
9273
366
4285
7749
4218
6612
2383
1235
12517
6019
10255
6626
2539
3642
9698
1512
1662
247
9932
10666
6356
6379
11182
3268
9311
6092
10981
8574
1544
1806
11609
9929
4078
4504
5095
6131
3342
6056
8106
9597
5878
2624
10647
9894
11378
12067
3177
9149
3039
3254
6469
9419
7269
28
6433
7484
9573
5442
202
5134
7728
2685
1673
808
4455
568
371
6126
7290
4915
10725
9144
5161
4412
7961
3700
8459
11649
1170
4093
5411
5684
5402
11341
261
5341
5952
3048
9832
7354
547
4408
2268
4392
7287
9287
4704
2172
458
9842
8185
2694
12174
7002
11506
5083
9536
4646
6079
5303
576
5191
10115
9764
10487
7725
8174
4757
9981
3514
8527
767
2949
8231
2997
6399
6604
11239
5572
5664
7364
10987
11924
7485
6813
3652
2635
9357
1130
7063
4185
1133
11366
3936
2844
3281
1946
9212
7075
4930
11760
7904
5076
97
1531
9580
10237
10073
868
9398
1862
4141
11304
10095
2325
784
10452
10040
4190
4021
12085
2569
4462
9711
7867
11505
1846
4699
6660
494
11108
7123
8108
2564
2667
4958
11982
9203
9607
6874
1908
2261
9115
6793
11853
2053
9109
2393
1955
4100
6917
1150
2254
3566
9947
8674
8904
362
5115
11088
4623
5507
4593
9574
2309
12403
6522
11173
11770
5553
1012
11564
10902
3423
9748
2488
12482
10958
11345
11161
7104
7536
2934
890
5406
1142
4772
10827
4030
7561
379
2451
6438
6015
2737
6486
9484
1760
4320
10420
12074
525
8685
5629
9913
4230
9494
4993
9934
4816
9052
11933
509
3780
8120
8064
6878
1646
9274
225
5265
10816
8137
4521
735
1958
10256
1361
9054
2284
7586
6449
3881
3269
2292
7495
11897
8121
933
11470
4102
4926
6557
4379
2247
3627
8214
5230
8016
3687
9426
8061
5133
7150
11884
4782
8260
2433
6929
3192
5887
4270
10690
8337
5699
12
6611
5123
1536
11422
7927
732
8718
7623
9481
6011
3876
2619
7019
5596
4292
10893
5655
2008
2387
6298
3034
2540
11781
6445
2219
2500
9257
7891
11891
2282
6594
678
11909
6437
6057
8419
6244
7542
4042
7845
11743
8851
8334
8694
9264
6145
3477
4250
5695
2258
90
4358
5299
2706
0
9167
5771
6680
5003
4288
86
1950
1225
3418
12420
10711
4954
3866
6427
8463
6678
11981
7358
9037
12246
8918
6243
3533
7347
4256
140
1923
12545
8102
7733
11842
397
7115
8154
6504
6499
9758
853
896
9280
4609
1998