7005
10552
1361
8214
1465
9316
2263
5125
4147
9078
973
8818
1389
44
277
9645
9900
4833
6454
651
1252
6364
6441
4748
9503
2180
2344
2402
4437
6899
10608
4735
7545
4747
1528
2520
6317
8078
1689
2722
7867
1003
4419
5449
8563
5665
9378
2564
6572
3355
7095
319
819
3308
9444
10381
1486
8054
9290
816
9926
3812
572
708
9063
8572
6463
1011
3471
2811
6591
9344
1975
3015
8204
3476
4185
7255
2904
10605
7161
7939
1281
4362
3322
7186
7011
9722
2368
8461
3200
6299
548
3751
5775
5930
7254
3140
5458
4312
5469
3150
2932
4280
1373
9064
7659
1811
7569
8235
10513
9073
8119
7760
8135
9552
4216
172
3870
3959
10065
7491
3189
4106
3822
2063
3138
3456
7908
5832
1396
9676
6606
10478
1597
8199
2947
5288
7671
9015
9010
9355
1131
3853
9698
4009
4506
542
982
2114
3700
5256
5535
3621
9582
9921
402
840
8459
6670
9973
2672
768
4089
9261
6407
4195
8164
8974
2022
7644
9741
8505
8644
4116
3255
1576
668
6857
9462
1815
3778
2541
1606
7954
7625
2929
2575
5238
850
5340
7503
9348
7386
7096
2671
10133
6283
1903
6278
6598
8242
1248
9365
6761
7419
5490
6168
7087
8586
64
977
1952
1129
9754
801
387
8969
9307
4970
6312
8464
1127
9836
10352
8957
1917
2275
1244
9134
3078
1653
3284
3907
1732
121
5351
1405
2794
10520
9428
9406
3301
6294
4221
5163
9938
1260
8740
7194
7684
7656
9009
2303
3628
3407
8057
1566
1616
1382
5116
8844
3462
2488
8511
6180
10226
1836
7409
4550
10298
3160
317
10002
10336
824
490
10566
8177
1335
1621
3526
166
1796
2594
5588
8762
902
6865
2359
2816
2102
8198
4203
8133
2784
3011
9072
7994
10193
5598
529
1617
3199
5240
10528
7055
1230
7976
7733
8428
7405
834
5800
8278
6686
10523
523
6832
1641
3771
8219
1603
5752
4225
9329
7505
9440
1460
7371
1286
1985
7057
8608
9642
52
1527
6309
6939
8792
8485
9945
8423
8945
4966
9870
9729
4358
6218
6605
2914
7167
4933
7248
8441
6679
2861
10024
7896
4072
1602
2728
4094
6779
79
2570
5336
1185
4331
7320
2103
7048
2427
7916
10501
10430
2049
9160
6412
5474
1381
9735
8521
1108
6111
7322
6619
9362
3198
4912
7776
5404
4499
8335
6690
8872
100
3167
7484
70
1368
3411
1482
9401
10312
4480
9464
2264
532
384
590
5780
540
10292
7768
5564
9686
9070
251
1035
8528
5956
3574
9713
6108
8976
6758
1223
6279
3233
6841
679
9286
3393
3848
2954
5875
5177
5723
1571
6968
2207
9108
2380
9867
5070
9657
2500
9767
2830
876
2331
7107
7307
2603
4879
7552
1233
6392
1643
757
5642
10165
4818
9912
7736
8510
454
5639
9044
7074
6537
3272
9672
4211
345
5041
2601
1102
101
7397
9279
1239
849
8834
10461
621
8600
10173
10273
8332
5313
2569
5446
8522
9140
3662
6285
3156
2585
124
7868
1023
7013
5589
9364
4215
4302
5087
3295
2316
179
8224
1454
725
10009
3800
2304
266
826
967
4577
7717
6610
1595
669
2043
8526
7313
7833
1758
423
7536
7015
5015
3038
5328
6887
576
9480
857
5160
6320
5001
1345
3836
9617
6195
9095
2523
4424
5928
8147
8368
7860
9230
7599
2065
2243
4066
7352
4096
10356
9253
5057
8564
7597
9361
1840
7800
8393
654
7887
10043
10485
5212
7620
1275
2944
8748
10382
1238
582
7672
9333
3342
8652
6088
176
8645
9310
7387
10401
2984
10172
9660
8487
9407
2336
6769
9246
2942
5725
2655
7515
3681
9806
9421
10389
6855
2206
7130
7058
6839
8440
9842
3493
9831
3448
7272
1049
3756
2543
9600
7780
9819
5117
7729
10394
6027
3180
6851
636
6830
1416
3990
7864
483
6814
8226
10428
9541
2990
3821
1412
570
467
6021
2602
10358
8090
7249
7023
1979
6163
2309
3912
3692
8693
9062
9167
9467
4031
2407
5998
8059
4587
3126
2352
9988
4849
5333
3861
4077
259
6717
8901
1500
8359
5204
6647
5456
6040
2824
8144
4908
2689
6178
6284
7693
884
4641
7560
4368
5617
9808
10497
7592
134
9697
7822
6268
2006
1789
4937
3866
7135
9092
3022
2833
4367
4799
3786
5995
5663
9337
7316
3650
7383
1889
4392
2754
8239
866
5167
8139
3183
3269
2154
9691
541
509
2467
848
8653
3298
4255
6585
6173
975
9728
5080
1729
3192
6561
3921
6471
3229
5805
8741
10183
10463
5728
748
31
6781
752
9594
7217
6355
6019
2175
9580
5447
7775
4204
1743
4812
646
4746
7428
3339
9646
8371
392
8516
3415
9604
6525
4963
5320
9909
2567
649
2106
6058
3119
7213
7888
7273
2499
3009
10540
10585
5317
1931
9481
5112
10412
10210
10275
779
969
6326
4559
7332
2848
6940
5959
1922
8934
7207
5211
8316
8761
8176
5166
1016
8379
5158
1882
8186
396
2209
545
6629
7067
7578
9098
5012
9639
7064
5615
5845
3840
10282
4710
6891
376
2645
3969
136
4371
8951
1357
6720
6204
10551
3831
6413
4097
9545
2924
8907
1458
3432
4041
864
6289
10536
204
6602
1513
7497
6446
6473
5620
3431
6828
9012
686
416
10614
9338
9107
4003
10012
6813
10056
9199
8770
1340
8718
8253
7129
2382
1734
7960
10046
3036
1542
4324
7548
5747
6190
10427
5591
10021
8146
1624
9457
6540
8357
8884
6308
6346
8939
2653
8672
6853
964
8367
7579
10299
10402
9524
5473
3151
1834
2082
7172
3958
6522
3265
4143
3819
4467
7853
2020
5868
10194
2969
2373
4243
2725
1593
6751
9755
9004
9494
2509
148
10392
696
9086
2479
1217
4219
2434
2742
2782
8063
5643
1473
10347
6398
5745
1421
3742
3579
2120
6756
9826
10569
3943
1534
2599
2155
2892
1197
5565
909
5287
7865
6693
2398
7588
10103
9950
7969
8581
3010
4877
960
9292
6874
1115
2745
7566
8805
4504
7482
7045
3712
8321
677
10062
10260
7125
1570
5387
9538
10084
419
8746
1517
6658
8975
9115
4672
8900
6826
1325
4673
66
7882
6371
332
3121
796
3976
4421
503
4085
7534
10479
9491
731
6470
2768
9042
10127
8861
7721
4571
8851
2273
6773
806
5059
427
8842
6053
10200
2979
6491
8358
843
780
3915
5941
8961
2577
4161
4148
4586
7485
6376
958
8560
4022
7132
5761
3639
237
7329
7458
5301
5517
3523
4250
8984
4988
3221
1219
4496
4914
3577
9706
10182
8443
7271
6377
3931
7253
4144
3776
736
7555
7627
1727
4750
6302
8992
1691
6197
4757
4306
6981
3733
10027
9667
7879
930
5895
2281
8345
4705
8274
9650
4093
10414
5682
4029
8218
2828
3944
3
538
6956
8008
8820
4090
4425
8683
10447
3143
2772
178
2901
9980
7142
8666
4056
9158
1724
2291
9621
6745
571
1967
9935
3826
5861
2832
1670
3382
8756
7434
7885
7655
8519
7424
8635
5689
10007
1891
5342
10304
7325
8469
6368
9082
8825
4929
8419
3862
1469
7385
441
5397
4073
8193
6117
2086
4853
9030
4007
9753
7237
9614
3967
856
4038
7921
5703
6200
4373
9497
1144
10451
772
5785
9451
8681
2143
4714
4671
5139
8719
5993
9757
6445
8966
6672
1362
3779
7136
5394
9651
5042
9478
4605
7724
7542
6788
10376
1096
10344
3975
6852
3671
9930
4319
3297
5686
996
8392
733
9760
6448
8275
1873
5359
312
3842
9896
10199
6718
2259
8848
9083
4020
2157
7602
8270
160
9116
3796
279
7020
10155
3417
5120
9033
3708
4430
1088
9673
3220
9683
3030
2060
7308
8240
9489
7297
7
10136
6775
6304
1648
206
3673
9750
2860
4614
10359
544
5733
6920
9178
2503
5453
5390
3148
1919
1471
882
8899
2194
10240
8561
5997
8352
10057
1092
1232
6348
1056
5726
10239
3824
5304
6951
513
1833
8436
9649
5483
5316
394
307
8651
8930
2257
8137
9204
1818
9297
9790
521
1169
5521
6292
10385
5128
5035
10594
2191
6181
862
7149
7148
3464
1304
675
8806
8665
6650
9941
93
1969
8017
6225
6083
6700
7337
9715
3735
5124
1302
6378
245
5847
1173
7877
4341
1162
7525
10589
6916
10175
1934
8230
7051
6713
4462
6379
5931
4855
4723
1974
6310
2818
194
2644
2489
4755
2571
9918
8914
2513
10042
1258
7611
9112
7973
6494
9202
1040
2237
653
5422
1078
1506
2403
10481
6154
3884
4232
3312
8166
2978
2377
502
7321
1860
9408
6910
2864
6824
9535
8811
3294
10061
3103
7990
2793
8775
6002
7708
9601
8555
6007
3182
6827
6648
6403
8342
9006
1918
3228
769
650
3023
8831
8167
7554
6495
5569
10372
9446
7790
2812
9835
7781
1760
10431
1540
5972
9126
1780
2412
1472
5107
722
1012
6318
8525
7595
6198
2228
5339
8498
3379
257
1139
1808
9749
5772
4676
3185
7017
8843
4889
299
9840
5259
8875
7801
6343
2378
7242
5651
9352
5945
10554
7842
6639
10286
8641
5919
2758
851
9147
7813
7370
5607
875
2345
1112
9394
6625
300
3139
2002
5225
8327
55
6241
6483
1926
5343
9509
3906
9210
8045
8067
5647
3886
10495
10460
8300
8776
5688
10069
4051
9172
601
9520
9235
6601
10214
82
3394
2121
6714
9392
4659
8542
3707
3317
1118
3704
6116
10001
3992
8010
9766
1222
1403
6096
3514
8985
5055
67
2433
1737
5249
410
3667
6061
1319
10031
5748
8617
2459
4761
4829
2197
1747
7980
8910
9845
6741
6314
720
10218
10429
4727
9127
8409
9990
1575
8006
3214
8207
8634
8506
7256
9298
10580
10403
1512
445
5194
5898
5606
6401
7398
4139
7016
6677
8042
2131
3049
8780
7957
5408
8523
3669
8871
6273
10565
2013
7205
1037
1705
4523
4731
3128
3765
2365
6359
10221
1033
95
602
1135
1084
6627
4238
9866
2980
7524
10534
10006
2062
4692
3573
8389
5605
1251
6097
9531
196
1567
3274
9751
7529
10607
7955
6792
8777
9897
8515
1756
2409
397
3857
1026
4303
10255
9922
5379
6380
1212
6989
8103
10017
2730
4023
9851
6101
154
1696
207
5461
6654
9434
3882
7176
175
7619
8462
4950
681
1933
5180
9758
3110
6581
8111
9975
10455
9644
5705
1231
1884
6955
6014
8337
7707
6456
7098
5210
10498
5824
8329
845
3145
8694
1713
10223
8580
5355
4986
9764
6464
1211
8062
3413
3422
10244
3676
5879
9458
8896
1875
5638
289
2272
1677
8949
3793
2780
7343
7344
952
8915
8271
5113
1940
7402
6496
6274
6165
1072
688
3889
10505
2853
581
9984
9100
8501
9334
8140
8763
3109
2619
3597
680
187
8816
224
2550
4060
6797
1659
10500
566
2244
1089
3484
2545
3231
3875
4522
5188
7961
3576
4176
8574
5452
8104
9530
6092
4194
5836
7922
9123
5977
3904
9121
4567
8458
7284
6633
2576
3955
4273
330
7828
7211
9456
8289
1507
6897
6688
8081
1955
10048
2339
4953
4832
5900
7854
1402
3202
217
8602
6435
7375
6577
1761
3469
1054
3153
5176
1332
9088
6640
8360
2974
1535
8883
5890
2911
9065
2119
5585
5749
9007
1042
4165
120
3622
9189
10023
8488
5031
6862
9452
3179
9848
3073
5261
6196
2642
2134
4027
6759
3405
1599
10261
163
2688
2555
338
3279
8571
2552
9459
3869
6608
3697
8043
6906
598
3392
3219
1844
9483
347
8757
6621
7277
1036
1735
3391
3540
2285
6807
5628
435
3598
4604
9800
1377
9192
9111
7281
6975
6167
9341
7461
4521
6255
8870
9612
6434
10588
3381
5027
2295
9346
1344
7688
7947
10315
916
9373
5443
6460
3527
6209
7150
355
8233
7962
5840
3258
2883
8576
3335
5175
9229
4224
8021
10550
10253
8446
1932
4866
4665
7965
9103
6217
10149
10443
6026
2216
7173
670
2797
9994
2952
9972
9474
4262
7365
5314
9656
3623
2492
9289
7421
282
1582
6742
9821
8113
2875
6306
4557
6477
5412
5078
5264
8557
1489
8431
1821
997
3727
3376
3564
7315
8205
10577
9940
3521
7278
10231
7901
7304
3213
1924
7805
7123
9949
357
2583
4964
370
3341
2771
8592
3195
1523
7523
4382
7236
8829
7450
8188
3479
1669
9149
9174
9317
450
2872
7042
7234
9879
1348
9797
4459
10078
1816
823
4492
8991
9542
321
308
3296
1810
2447
9476
6362
3954
8334
9057
5109
2163
1703
8478
47
6815
7626
9482
1229
9501
7206
5415
4184
3257
9779
1958
8812
10038
2572
9932
2204
2652
5666
4401
9249
6375
3759
10188
6817
5263
7613
3604
8263
8311
10424
8297
10449
7080
10616
5530
5743
3285
5395
10176
6772
8066
1449
9301
5966
2951
8187
10527
608
10369
9008
1423
3277
8495
2843
3155
1674
5127
9844
7561
7199
6783
7115
1068
1614
2325
6995
1435
6682
6612
1980
6600
7464
9183
10587
901
3063
2941
1490
665
6347
6131
7893
2948
4268
2110
5764
9674
6912
9441
9330
4690
4534
10364
1393
5579
3607
2436
818
8779
3306
1349
10420
1130
1859
244
3438
7047
361
565
7190
7360
7289
9
507
9830
9175
2703
3905
448
8531
4046
2389
1378
9919
2992
8941
6423
6858
3034
5033
10074
3019
2839
7547
62
4270
2705
6505
4507
2659
5362
4313
7000
9332
2596
6574
5505
9035
9385
8475
1240
9548
4409
9798
6207
7556
703
9455
7711
6604
6349
10337
1491
600
1000
3373
2580
9939
7324
9339
8735
7193
9416
9894
9856
6129
1847
6480
4344
1346
2287
9424
10242
2305
9638
8269
2315
10049
7972
8607
7025
7749
8222
1374
10202
145
4518
4973
8996
7682
2870
6006
6247
7003
3586
744
6597
9712
1467
1065
887
1103
7301
5576
6333
1158
25
2976
4296
1136
2168
7390
4610
7106
6974
913
5309
3124
1744
436
5334
3618
3135
6881
8632
1468
5476
629
3453
6706
5850
4941
6715
10452
8365
8180
239
7100
9876
7838
3570
4120
1661
241
2464
1364
7469
6128
10338
7726
3651
8296
10184
6738
9367
8539
3016
4117
7872
1141
6472
498
8127
7646
7093
9662
2178
150
4298
88
7766
4807
3282
6755
3846
437
1317
1817
9887
3196
5497
7212
5239
1561
4902
5214
4032
2895
3205
1927
4223
1270
7435
10015
616
1711
7327
5308
2125
4959
5271
5047
2299
2746
583
8911
5248
5102
10491
2357
5510
4100
3193
137
2664
7073
81
5583
6799
6199
9309
1352
7471
2130
6801
3348
2753
1587
8647
810
1461
155
1719
5017
4209
365
6762
9498
3920
8879
6122
2531
9200
6159
446
6551
8215
7770
7044
8745
10467
2715
7792
2265
9179
10327
7637
1838
988
51
8835
701
9119
8383
5568
8287
4485
5542
4969
2511
2470
5846
1492
5670
3013
3211
218
6870
110
5552
7035
872
9097
7964
4169
869
9907
8699
6387
8621
3864
2731
10187
1055
2699
4464
1901
6573
1959
1800
1028
9933
8026
10482
243
9169
5925
2162
6628
917
264
3346
3680
508
2245
2736
6790
2966
7231
1024
6414
6550
6925
478
190
8593
6626
6271
2392
580
7933
8221
761
2394
5550
10211
6930
5885
5083
8803
6187
3444
8866
4644
8033
10346
927
10548
6684
1457
4206
7653
8624
3948
8051
3125
3600
6042
8978
6973
6997
1947
9669
6882
8088
3502
8003
1273
5291
6873
6739
65
6076
4449
8313
6366
3933
3903
5496
183
382
7745
9376
3970
7063
6791
9878
3020
5549
8173
1539
3500
3917
7841
350
7002
9592
8212
1196
9692
3390
2202
8435
6334
414
2995
5563
4005
6611
524
7600
3985
10296
3291
10213
3737
4517
2338
6132
7395
7410
7958
3098
6821
9371
6388
4399
9584
8627
620
8809
4759
232
9789
3601
5906
2566
447
2047
892
6216
4128
94
9670
6246
3728
4555
9404
9732
4131
10289
802
4647
369
3760
8920
1195
4092
5004
10510
1247
2084
8887
2144
5463
3538
2343
5575
7891
2152
8470
10404
712
8853
3452
8116
74
6984
5633
8182
5830
1330
4162
5425
104
1284
9857
9969
6709
6871
7856
8727
3080
1757
9193
10573
4025
10598
3946
2507
1438
8453
1371
10525
971
10204
1395
10445
7134
6000
6846
5306
8908
10245
6849
5302
3524
6918
6250
4744
7418
353
8168
10328
6903
3058
9837
3507
6928
390
3645
910
10216
10484
5164
1718
1456
9652
9560
306
6078
9885
980
1657
8252
2330
8520
1209
2386
9853
8839
4935
8038
2298
647
7131
4413
9432
1783
2719
7722
4876
7372
1494
10489
6860
286
8157
2
7641
4448
7897
8374
632
9026
6541
8903
3613
5297
9393
8085
479
2686
3499
8298
8827
4159
3210
1879
7902
7963
5103
1592
3481
2133
10483
1618
6001
2348
3961
9145
7282
634
628
5855
3817
9154
1397
10579
3313
3116
6280
9018
1716
1213
7718
5155
2985
6810
2322
4777
7680
3557
7621
7758
5935
2224
5599
986
9442
9259
6696
1180
9089
3746
9281
21
7874
3305
3792
4691
10163
1863
5546
5727
7185
7355
8301
8567
4536
659
1514
3790
6296
648
2301
4337
2963
4081
554
8236
5090
9129
2100
9514
8009
1333
1853
2943
9981
4627
1794
119
7851
9578
10615
8158
1308
5922
2093
8388
3814
5944
753
3168
9433
8738
1009
8286
8069
6286
7328
6331
3371
10334
9066
3511
3972
4378
8551
4952
1902
1568
1320
9326
9519
1686
199
6967
3441
8404
7997
3808
8412
6385
1305
9619
186
10596
8988
543
10511
4030
3177
10268
2411
1541
10022
6373
8721
2600
5468
10247
3334
6649
5321
7363
8001
9832
9059
9738
2085
5254
3505
8723
795
5655
7685
2656
2744
1010
8512
7170
10393
6153
3261
6622
5539
6796
923
7296
2789
8856
2965
5701
10229
3268
9128
5629
113
6586
363
633
4258
4763
5768
10137
1548
10196
4599
7502
7191
9243
5541
6143
9516
588
8025
1608
6276
7803
3087
8094
2949
10357
5169
4004
9102
2318
9207
9090
7099
3259
2660
2046
1446
6889
4519
6996
2254
2886
7521
4291
6161
3548
567
9776
9014
33
9555
5611
49
7068
462
10180
1520
7366
8429
5673
205
4170
3024
9551
5992
721
5489
7930
2930
184
9342
3552
3845
2704
151
1682
2235
8817
6683
9571
9762
2578
4461
3559
271
3973
1531
3657
5920
8030
1866
5656
4053
518
8369
3851
2639
8570
341
337
756
501
7664
514
9248
7650
5519
10262
8616
3062
6978
1375
6265
352
5226
5867
8625
8583
6125
2284
1143
8100
2960
1499
2117
8836
1849
9153
7351
6266
10160
3403
1565
4285
6287
6124
1283
2327
6895
10529
2910
4670
7871
2641
7480
5985
6884
1868
936
6261
3530
4622
2553
7568
9096
8293
2737
2182
8584
10066
2113
7474
7336
8141
6222
10620
506
9822
9214
9936
2367
4843
5676
8543
2426
564
717
2817
10330
10318
6637
1214
3483
5907
1031
8128
3352
6134
4457
6934
4819
1306
2042
1097
5171
4411
10488
1814
7103
9903
8889
295
9254
7079
10234
10439
6863
9527
1427
2521
7925
516
8710
2388
2496
1580
5964
2896
3440
9647
359
1554
820
8130
6819
3634
10266
4924
117
9920
2695
8558
3299
6332
7850
3854
9350
966
4528
934
6254
8105
1679
925
1946
8973
10442
10293
1867
3091
8125
2095
9109
7878
6818
5914
5905
4619
6580
7377
7143
273
9017
9490
417
10419
1087
6961
9944
8764
3784
1845
10593
9889
158
1336
4058
7576
4197
4426
2662
2494
9563
2785
9496
10387
1343
238
5257
8336
8754
6016
5281
5789
7932
10619
6532
7712
8728
2306
8736
9654
702
777
3433
10326
6726
9217
5857
1935
914
2071
354
4451
9157
5561
9521
6825
2314
29
2138
8708
7091
10219
6160
8322
9168
9668
368
5621
1019
10374
3772
1262
8824
7846
7014
3283
4350
10310
63
6171
7582
8732
9886
7401
1081
1533
7031
2621
8086
5797
6861
1538
10379
297
7852
6724
7264
10487
4086
10208
3161
5627
4213
2391
5980
9615
7261
9208
8490
1916
10320
9959
6514
950
4217
3664
6121
2646
4769
5584
9241
4541
6438
5056
3754
7787
1702
610
9356
4387
814
7012
3766
7300
6915
1339
9447
7436
4108
10073
1433
9244
2311
6147
118
4899
2568
3026
2468
3863
3378
9306
5572
2916
4495
10522
3768
1326
7295
8504
4703
8290
5886
4657
8480
5915
6651
3449
7869
7189
8611
1762
4011
2170
3206
5089
4764
7221
9608
9618
7226
8575
4589
2624
765
3057
5923
5253
6208
8977
5417
7416
4943
7821
8382
3101
7350
553
7204
678
5493
561
766
5652
5823
9262
8711
8366
6555
10037
10098
7432
10480
4776
17
6487
2665
7426
9823
3732
9437
3606
4965
2770
3207
9273
7039
9449
8325
5525
5375
10274
8679
3245
9780
8163
7756
2142
8136
3367
1050
3873
3726
5428
4
871
8500
6809
2515
6386
2891
6559
1596
3209
9315
1255
9796
5990
9659
5957
990
2618
3675
8689
426
6763
6901
8047
852
9349
8804
256
3960
2628
8595
2312
7403
6727
1383
3000
7706
6455
3785
7594
1370
8620
1831
4822
80
5426
1020
10582
1960
4228
9606
5115
8099
6695
8677
10314
8648
6112
10492
7069
7333
9999
2717
9658
3028
1788
954
6885
9454
3097
10368
3105
4173
8691
6043
10072
2420
3665
9752
5877
8808
8823
2611
8729
10154
5186
9061
2196
9353
8524
8216
4048
1519
5878
776
7509
8960
7184
8471
7029
4904
6344
4310
3619
8015
4142
2166
6822
4498
9104
8333
2740
10444
5157
6864
3004
8202
528
10506
2171
7898
10408
9477
1086
4787
8518
9324
10016
8772
8530
7309
6381
7178
5277
57
10294
4635
3725
2829
8867
6524
8532
6189
3773
7082
1704
409
5389
9532
6784
9340
4050
6671
9631
8819
2390
8615
3841
8527
3399
8890
3716
3794
7346
1755
9955
6543
9559
6327
8513
8482
5716
9060
2526
1063
3281
8318
6999
1299
8073
99
1630
4404
4526
9430
1824
8483
22
9463
10421
1294
2424
1730
9050
7645
2349
1043
5961
2239
1784
3993
10532
655
9282
5396
1750
6945
274
3496
1997
4588
9522
7070
639
8190
2517
8730
9191
6323
5208
2055
1636
6139
7354
1085
1765
6437
9218
1082
6894
6578
9910
4579
9071
1243
7968
855
1667
389
2005
9733
5695
8029
1253
7737
9379
3850
7407
7147
8813
1188
6838
1687
1530
9252
5724
8037
10396
6429
7511
4936
6316
1835
4722
4907
6789
2283
3239
2003
2498
4535
1698
6506
3137
5273
399
8032
6752
4732
3253
8680
868
1665
1547
3642
1311
5106
642
9595
3002
1193
4141
4603
4179
301
7875
10171
6110
2690
625
1610
663
9995
8578
5730
7677
5144
9238
713
6431
7668
254
3640
6534
3042
7455
7604
3513
2324
9285
6980
8814
3833
7755
1264
3455
3566
10058
1956
9271
7233
7892
6904
3197
10170
7628
10112
3366
9629
5803
53
4111
2755
9069
10162
9590
7118
3090
1249
2072
3516
10539
5152
10258
7066
8794
6175
9084
9041
378
7663
8613
1529
8363
393
1649
6252
9265
327
5602
7288
8251
9890
2035
358
2968
5631
837
7943
1475
1359
10150
1367
9331
8953
10355
6615
4490
1025
7903
3402
7283
8400
9747
6553
3357
9730
5341
2788
3247
215
6816
998
1001
7413
4606
1059
622
1786
9997
698
6782
2633
10139
7951
1779
4379
10549
7773
3064
742
8356
9761
9599
9495
773
6757
9622
978
5008
4080
203
7586
6020
1857
9240
6643
5822
2791
7989
555
6005
8938
463
4257
2822
9833
3550
6391
7331
3044
6734
2172
1776
8267
6669
6045
6239
7293
592
9345
9603
5392
6370
7027
2425
2482
3806
5714
2881
6466
1536
6793
3188
9492
9956
3005
9228
1876
981
472
8618
7259
6059
9151
9588
8172
6095
931
7516
6490
4438
2039
10277
3590
1414
839
59
8755
8972
6538
8262
1759
4958
8923
7923
1915
10130
5610
443
4070
269
267
6512
1638
8328
1992
9957
230
6847
585
10563
2823
6579
3928
6484
10386
5216
8355
8773
9370
10157
4616
6740
1573
6440
6806
2708
7314
5300
9598
7479
10319
6584
5054
4095
7323
5293
5045
4791
1398
9031
1556
2472
8181
8604
440
407
1186
2199
9234
9186
2551
6991
3323
10014
7266
2310
1826
8012
9343
4122
7246
3876
2908
2530
897
4679
10517
4026
4109
2280
3470
1098
2525
6155
2650
7498
9942
5515
5636
3569
1504
5075
8499
2356
2261
5006
959
2015
8248
2820
1820
10391
453
9759
5693
5774
7302
10454
8109
6685
1601
2502
3071
4465
3813
3916
9774
6950
7085
4699
1444
10400
7356
1488
6206
9322
6509
8931
2088
3276
9802
6419
1411
111
5942
6352
3029
3082
3380
3679
1699
8174
3832
5419
8971
189
9020
2067
6569
6123
10390
8690
7870
9201
7359
5346
562
488
7746
4057
1694
10164
9811
5241
4960
7713
7956
3104
7778
7247
0
10494
3443
9299
2856
10190
3159
4716
7703
3926
3396
1812
2034
9260
5137
7705
2982
6707
7452
1774
7824
5250
1683
6012
533
841
886
614
75
2363
200
8394
8959
8857
223
2527
976
35
9184
3056
7046
5156
594
8589
10104
5750
5680
356
758
5052
3617
477
4380
3626
7244
9139
9118
2147
7192
1293
3267
7759
4355
8895
7605
1914
2813
6987
1936
5577
5310
3529
10177
6771
5367
3320
2919
5154
6979
5746
8986
2799
86
9022
3300
5151
10050
6588
2581
5707
3369
8014
9221
2697
2647
7037
6646
6657
323
1695
714
1316
2423
9679
9321
9803
2008
6823
9862
3724
2300
905
4708
5586
5791
6731
6393
5718
9305
3949
298
9695
318
4266
2098
2480
7647
4946
5592
3878
5806
5402
2903
1341
6485
5172
2514
1900
5235
520
3154
762
6215
8942
10590
1245
7795
10435
4919
9227
3001
5891
6500
3855
4780
3561
7009
3242
2627
7216
1380
8114
10306
9005
6288
6081
173
7230
8926
2054
652
2560
5484
8350
6620
3328
5121
8288
8265
7623
6533
9429
1631
9276
2271
6510
6721
10514
8110
2137
7987
8415
6905
7137
7631
5958
3898
7404
3660
5325
2128
880
7341
202
4071
7393
1289
1051
10146
4678
1895
944
4199
4554
36
7417
4831
3478
5003
1663
2179
4017
6060
9212
8538
7318
5007
1430
9055
8449
5784
5348
4585
5159
1447
7181
2108
805
9052
6868
4181
8312
854
12
6469
8406
5352
7263
8405
5713
3810
1710
7658
4187
8273
4927
4295
4230
191
2915
1781
7030
689
7357
7110
8209
2277
9568
8028
5634
1178
8162
4160
8048
4307
4771
1685
510
9093
8183
8998
9700
8603
2414
3918
7144
3777
9405
1829
3589
3934
1557
9141
1658
6028
8126
3702
3107
10335
5587
3578
7088
3421
465
6062
4180
2643
2691
3782
3184
293
4214
9251
2638
9720
6259
3775
522
2487
7719
2384
7400
9561
10235
5739
7508
6811
3739
3362
4486
459
1708
4570
1827
5967
3102
7577
8421
9971
8154
1825
7334
6508
4783
167
9358
4436
7280
6184
2681
9211
6447
6936
4149
209
4166
2256
5817
372
1418
6754
7369
2059
6082
6011
7175
908
6521
2668
7544
6240
7384
2101
6253
1619
8940
10087
7966
3687
471
9805
4502
3852
1707
10117
8913
6932
3303
6244
10267
1276
7753
3913
5043
8982
5946
6883
1957
8302
9471
8031
8785
4455
5578
8898
8178
1285
7739
6935
3616
458
8194
1342
7105
486
3250
3017
8055
6243
3021
8373
234
28
9772
2810
4151
6770
5344
6678
6070
1851
3942
9110
4353
1553
4452
6948
9893
9904
8121
885
7632
6351
791
10089
10207
1269
5062
6986
10201
3820
182
3563
6277
10090
8049
4549
4898
8881
3874
4915
8445
4623
10581
5269
8946
3648
6680
2296
1584
9992
253
4361
1
4328
711
7834
5811
6025
6462
2937
2213
7952
1369
8339
5793
9986
3293
3439
1797
7126
9974
9954
9250
6746
6152
4753
6126
3602
693
3178
1701
844
3698
3636
7881
6449
8276
1846
9403
7488
9653
9280
1048
6432
4182
10169
371
6737
9502
2773
8079
515
9500
7156
754
8477
9693
4212
1409
7683
5829
10441
5391
6931
60
2127
9883
3397
8454
2232
7258
2471
6854
2733
4456
10610
8673
3442
379
6256
8391
6804
4346
2218
6691
9626
6663
4113
1841
43
6958
3003
8993
807
6436
8011
4435
6008
1220
6923
9593
7981
6971
7747
8599
1155
9970
10276
141
5834
8591
9694
6399
1181
878
3059
6157
2192
8536
2871
3458
6194
7831
4663
2605
1442
10225
10019
1714
6293
2253
2588
10122
5777
4539
9640
9965
236
8569
7431
7876
5555
6003
10101
1803
5372
444
2222
3204
4479
2045
4990
8944
6342
7615
192
6969
4758
1226
7348
4423
10416
9616
4971
9443
10113
2893
10191
8080
8348
8493
9795
386
69
2129
6530
3951
3501
1198
2009
2692
7145
3326
8170
4650
6748
8997
5464
9043
7201
6725
3106
2840
7510
9465
7078
7433
9046
2787
8636
7840
8868
1120
3515
8310
1277
1982
8473
5111
2247
8439
3486
7895
5839
10350
6656
9163
439
6941
7928
6427
8433
10254
7786
6710
5821
5528
1148
8802
9572
2874
9996
9448
6415
3718
2410
3545
8340
8341
3395
3025
5191
7021
6118
3962
1406
2288
10222
2056
1224
5290
10373
10388
9011
9074
2902
1581
9131
5700
7251
229
5237
6681
7457
7414
9278
10041
2069
6922
5233
6416
2971
8018
6172
7152
6141
1913
9632
6732
9488
10502
2616
9924
2484
8484
9913
5838
9556
730
5114
1822
7177
8716
9953
8979
9300
2998
1642
5754
2160
3191
863
2126
5813
3829
10086
3157
6549
9144
2795
7004
6210
8765
993
6133
2289
1351
2808
336
6733
6319
1672
764
1145
2964
1291
5842
1995
10217
5349
1605
7052
6223
5219
7182
8629
2141
2387
3939
128
10367
3605
6952
5247
1930
8631
2104
1481
5852
6242
1600
10121
705
3991
9133
7381
329
240
803
3637
8019
2702
1073
6213
6191
2416
1109
1929
6655
10054
7160
6630
10530
10572
5697
8705
9508
5439
9382
6075
1177
5294
3508
4475
991
3133
1014
890
214
9247
8370
8120
8315
2167
7723
8447
10209
3113
3532
8995
4805
10570
8548
7388
2270
2882
4576
9607
644
9748
2432
84
346
7601
3088
8401
9205
2573
10151
7559
5873
422
7570
1989
9466
15
5382
10311
922
2212
4453
4680
9294
6668
6337
2778
595
6260
6227
9419
4137
7936
3587
5243
6708
8712
3459
1870
9785
9395
972
759
8768
8791
9978
6468
1977
398
1998
1878
9283
1263
1384
3246
7049
9114
2094
3867
6169
8916
380
7945
7830
2115
1572
10518
10535
8873
4726
6805
7730
1257
262
10503
9801
7208
2676
4008
8344
328
8657
4615
5231
697
3273
8254
7240
4903
9209
2360
7072
7441
476
3811
7120
133
10263
9194
9928
7124
3744
7643
8285
10044
8362
8306
305
9756
6842
6282
5337
2040
3956
6313
7127
1920
8220
5514
5948
6065
4263
10305
247
896
2846
8639
3491
5299
7287
7861
9565
10125
2522
10085
2710
2996
3330
5283
10606
5213
1318
8807
7701
1134
5234
5712
1775
784
7202
6576
7197
7941
3430
6127
7157
2579
58
8935
5520
4925
7024
10071
3130
10354
6297
695
8343
4720
939
3996
898
2591
9257
8196
303
9719
2862
894
8821
9643
6638
10288
2396
8143
3108
10418
135
7785
4276
1076
10067
7807
6315
9838
6774
7991
781
8117
7920
8789
624
1622
3710
4357
578
7526
828
716
1419
9513
6036
957
2217
6073
9206
1274
7081
4595
8950
5
8643
8622
10425
5049
2332
7687
7913
7678
2430
5708
9196
8385
5423
2340
7209
10300
10120
3860
8039
8880
7857
8927
3910
3584
7998
5279
7040
4883
9681
9993
4208
3340
7010
5498
3475
9397
5908
3343
737
7612
2631
9386
6697
6875
3302
109
10106
10476
1680
403
4118
3757
4119
7294
8585
6953
783
5131
8303
9313
1005
2512
4488
5356
8448
1027
9215
8771
7382
9485
6338
4962
193
10459
7915
2749
8688
2890
1886
2529
5982
10301
3226
5537
5494
2760
7880
9505
2815
9859
8093
8767
1725
3054
9453
6220
10005
3788
2457
6872
4231
1221
6428
2439
919
4087
2847
874
10147
6723
556
208
7187
8417
3881
8061
2421
10161
8118
5361
8024
9865
5136
9687
8460
4405
495
3173
3984
10238
2727
1354
4099
6162
6833
3480
6488
637
8351
3123
8517
9807
2617
6703
5590
8243
7500
6946
10116
4530
6675
415
3310
9583
2693
8682
3146
2774
6503
928
5246
9952
8601
8703
10308
7180
5771
1664
10438
8733
8102
5812
1455
5270
5511
8932
7970
10432
3389
9721
7267
8840
5732
2803
1111
4540
6229
9067
2135
6803
10395
2532
456
10230
2661
2080
4347
8897
7138
4321
4049
7235
4934
4701
1386
5978
8902
8191
3423
1300
8437
2684
10195
5973
2406
6335
276
6015
2226
3899
4514
220
559
525
10107
3677
8590
5738
1518
3897
8947
3035
5315
6029
6820
836
107
6624
9773
9087
9553
6590
6896
5571
3646
1858
401
2474
8497
8491
6063
265
3894
3041
6202
9076
146
3287
5218
8948
9946
5661
8686
2679
4600
1537
165
9702
2234
606
1749
6474
7422
8260
5991
8659
747
8720
7026
10302
6570
242
9775
1881
2587
9546
8790
883
10602
6465
6964
1234
2739
27
3361
3729
6526
5088
348
6938
3927
2764
3171
10271
2880
8407
1906
4980
7686
4756
7033
666
1720
5187
8044
6044
9817
4239
1095
8788
5064
4944
6493
7420
870
6084
1590
8247
10114
6722
6879
4668
6976
7501
2836
8921
2026
10316
5994
2090
2634
8724
6603
4196
3278
7993
4629
7783
2044
2508
3372
10035
7835
1591
7848
948
2122
9671
8361
2364
858
9543
1440
4775
10468
3520
4636
3858
4913
3164
10546
3791
8387
1004
8968
4398
4939
5781
3683
7162
7174
2164
10507
859
7618
2900
4483
6667
7539
3535
4741
45
2747
7326
6750
684
235
656
9877
9815
6478
9510
4075
5687
662
385
9884
1763
3964
10123
8830
9727
3740
1061
6183
1589
1391
8553
2308
6193
2598
10545
9985
7224
1150
7342
5512
6898
2834
6444
6983
7171
5809
9794
383
3762
6552
558
2342
6886
2546
9389
1496
8425
10232
734
7894
8707
645
1807
6831
9860
3654
4602
8855
4325
2723
5681
7260
1478
6674
9266
7290
9564
10045
10560
1552
661
5430
7839
4153
3719
5051
2347
7084
9813
9302
623
8185
50
3890
4850
9874
10417
4542
2326
1174
4393
8390
9420
10118
8619
9081
4552
3338
3477
10516
7076
9911
10622
2640
7448
1192
5818
6583
7111
9013
2734
9390
5989
7317
3048
3060
2448
4911
7558
1451
457
2654
9998
7985
9032
924
2678
10291
3690
5475
7376
4677
1629
8956
3008
6642
10236
6653
1741
867
268
8463
6214
6692
1436
10329
7361
7250
8232
985
3172
2446
7899
5711
3966
212
7312
139
310
2855
1204
3132
7995
3525
6582
2242
10465
2366
8016
6744
3067
433
2070
8828
174
5566
4281
10135
7665
4508
6365
7978
7513
9701
2087
3166
3319
8849
6513
6443
2635
4918
10600
2762
8507
9351
4860
3533
1855
3630
10542
6091
9284
5460
4639
4033
3909
3519
2455
9863
7411
3748
6170
6032
8552
4928
2519
597
9388
6589
9570
10166
3647
5215
10521
3827
162
6877
9724
6300
5471
5678
8354
4625
2465
4821
2019
1052
9377
8778
5773
8347
2418
5556
3314
1151
4014
10010
9381
7459
2721
1966
9410
8280
9782
8022
1208
9224
6623
6221
1668
3374
3388
1583
6066
8990
1911
7679
1493
4246
6425
3678
9534
2538
10564
489
2809
1949
5778
9677
8503
3805
5968
2997
10278
4330
10060
6272
6476
9625
8654
1738
10446
1505
1978
8919
8556
4824
7358
8004
6418
6322
3787
6924
4658
8074
9142
9523
10609
5148
7667
4545
6115
4300
8928
6231
9704
275
4447
7285
3625
4129
10363
962
1207
8420
3823
4728
8793
2286
14
6631
5731
2422
4568
105
1964
6251
2825
7102
3689
77
6812
373
7347
4688
9038
5360
3223
4917
3006
5760
2801
8060
6966
5245
9678
10547
6406
6089
10322
6201
929
6402
3363
2092
660
3142
2450
4121
4584
995
8891
2865
2819
8709
2156
9099
8378
4348
432
1837
6960
9765
7886
6567
7168
2408
9255
1676
2097
8862
3428
1189
5038
569
9258
792
906
1006
3713
4253
1256
3096
226
8160
6919
4039
8148
5632
911
7440
6990
9237
9053
6982
4649
5329
3120
4482
3599
8346
593
6188
7493
5068
2766
2776
6394
4040
4800
889
6205
1215
8751
2935
10618
8279
7909
3891
6523
9357
4400
9609
9197
4082
7071
6136
8863
3997
3354
9425
8257
2685
5715
3359
4968
5882
5435
8027
4926
7946
18
1632
3982
4839
6114
5335
4565
605
9203
9655
4088
3633
2404
6093
9770
1032
1266
2547
9792
7373
3649
4621
97
4505
4856
497
6563
6753
10297
2456
5916
6908
7077
2528
6439
6269
2869
6687
3741
5558
2658
8799
8582
3825
6785
6917
789
20
3236
3055
7054
8268
8952
8676
5181
3531
2798
7210
8664
5835
7339
8245
1637
6482
316
5949
377
3871
10158
6048
8605
6409
5825
8888
7353
2607
3331
7188
8798
6560
9220
8760
8981
1053
8096
8112
5110
7060
8197
9472
549
7345
3290
143
11
258
2323
3699
8534
3880
3497
8658
1559
7449
2107
10040
6098
6892
8747
3509
6609
5286
4037
3450
10343
5420
1080
5371
4991
5421
10215
9402
8877
6047
8023
6330
1071
5170
9711
6203
4320
6970
2079
3758
7942
10313
535
8801
6039
8468
9526
8399
4167
5104
8781
5779
4801
342
6519
8845
4236
5735
1353
10198
1754
6383
1184
3807
727
674
8231
2718
5067
3656
6100
7492
6544
2279
7427
8999
1874
1928
5529
5457
4112
1295
6390
4339
8509
6673
5983
3149
920
8769
9293
2395
10206
7982
8123
7959
4578
9682
4260
10132
5947
7335
7675
4697
3957
3235
6453
3834
4191
4681
9841
1623
9726
6151
860
9781
9577
3799
428
7380
9239
10295
5065
1848
7203
10091
6077
4594
6004
7748
9581
6528
1954
1693
1753
2877
1476
5280
8075
4103
3225
1953
1635
3705
1350
9039
464
9336
8192
8925
5262
4278
719
6142
5135
1896
10504
3998
7408
10178
7139
3624
626
9138
4752
6341
10008
1742
9287
8606
8442
2752
9983
9198
6212
9923
6426
7692
8084
5198
5105
9023
10567
657
3581
6267
3345
197
7270
6235
8040
8305
9665
2636
941
5074
10097
4558
4323
2290
6558
10307
304
4450
5224
5613
9892
1149
2151
912
10096
1613
1723
9236
5374
2792
1182
5751
10068
9162
3666
6848
6236
6176
2907
6158
1628
6035
10251
7425
9048
3435
760
9873
10141
7286
7121
10156
7810
9745
6736
7917
3039
2680
6850
8858
2945
7158
7489
2729
9710
468
3749
7728
8885
9412
1477
4706
2756
2535
2399
1892
5200
9029
10119
683
6957
5650
8541
8211
6880
2036
123
7196
3445
3780
921
2936
7330
9105
6536
1152
6135
3288
718
381
3720
1806
10409
461
6055
6566
6511
4188
4171
3187
8752
9263
7918
8444
3945
3849
6542
8414
5766
10
5189
6303
2807
7610
7715
351
6517
3503
7949
7979
1739
1562
5820
2140
2165
8628
5526
770
4648
127
7648
10265
6634
6179
7094
3568
8314
2622
10519
6699
7262
1069
6902
2524
8623
7520
3512
6749
7757
1242
10380
8007
10167
5190
4847
1100
8338
9152
5427
222
6262
6635
3410
3068
8692
340
8058
9156
8041
3747
2014
2018
1039
2590
7349
1154
8994
4385
7507
9256
6545
5085
5251
434
2852
9375
83
1791
7141
8307
4468
1994
3914
815
6145
1962
7374
9146
6698
3715
8213
7596
5953
8882
9438
5071
6353
8878
10559
7590
6888
3558
4922
2556
6458
9225
6389
4271
1681
9554
8005
333
6596
8646
2483
951
9690
4244
8640
1187
530
4107
687
767
2313
1437
4718
9707
5292
5796
8837
6613
2354
9056
10321
4178
5582
2458
339
1439
5659
6325
8131
5974
3083
7228
1218
4220
6518
3490
7215
5533
1254
3244
9185
9223
9979
1925
531
9613
4101
1066
5737
487
3816
10586
7689
470
2757
8847
1268
8869
10365
4001
3856
7817
6507
631
6374
4200
4061
8072
3262
10115
6433
1422
5744
7083
5202
9908
2712
3425
10075
2913
7291
7038
9714
3615
5755
6516
7674
4961
6743
210
10512
4202
8324
7319
1301
6486
1388
5932
8098
7465
8841
1651
10612
4834
7725
9396
5414
8201
8309
10604
400
6457
2401
4299
8331
3789
98
10227
738
4654
9596
4631
9661
161
1983
2429
7789
4445
7008
4795
102
6988
3047
9314
211
1861
3661
7797
1717
4652
1852
1856
7574
4133
8384
7572
2989
9589
2185
5904
7506
9917
3685
2375
1278
9947
5388
5926
9475
1532
1963
2225
5979
3489
1385
3360
9275
735
10471
10378
1864
5445
6876
7090
8649
10578
1971
2649
4174
1656
4336
4618
3547
1018
5199
6291
1950
5593
8282
6557
3925
2802
6404
10126
3271
10059
5500
2099
685
9181
3254
5138
10080
8667
4234
8846
6843
5409
2972
1400
9413
9991
6911
10144
6360
499
9399
7245
1310
6795
1165
10100
4390
2726
231
2350
6301
2417
2169
129
7720
1313
1044
9591
272
3838
7396
4135
449
2981
3936
4794
5122
2629
4910
3691
3473
2889
8206
10189
4562
261
8980
9871
10264
288
715
9723
6410
9703
10249
284
2505
10353
10185
568
577
591
6270
8795
7220
56
7104
6442
8319
7340
2967
8000
4569
1883
2031
6481
1722
7362
6408
1880
7429
7788
4406
8200
4845
4838
526
3539
9231
10004
7229
6587
5612
5912
1662
9880
3947
10003
5653
2292
3424
6927
1105
5418
38
6556
7754
1241
6339
6665
584
4591
6224
2540
9150
8783
6568
7904
2355
1660
5862
9295
7654
10039
1117
7122
9130
485
8071
40
10203
3974
1577
9122
1070
853
8704
1615
331
1544
9827
233
9507
3358
10509
1968
5036
1690
10148
3263
2337
9864
5790
9164
4402
37
2983
9587
865
1372
5282
1692
3663
2558
3368
6501
9173
91
6340
6856
1508
9232
10033
8281
1474
7518
6645
185
1161
8859
2694
2215
7086
8101
2262
10499
2592
8142
10592
10257
4813
4788
5929
5996
6694
1888
7154
5183
829
1923
420
4852
6778
9602
838
2267
4352
5230
3994
469
8145
7019
2669
3252
9269
4035
10145
8815
8457
3731
5690
8434
4984
9824
10448
8375
5874
8396
4873
5268
994
4132
5195
4893
292
4019
9558
6009
4820
1948
2539
4227
8169
6421
8989
3591
3696
4470
9675
7811
9468
32
5332
1047
2246
7984
395
4597
4388
2211
8670
539
5126
3980
5513
9028
3383
103
7222
9557
9288
7793
5913
1865
2077
4256
1013
6662
8725
970
7406
3248
6358
5844
5025
2783
9610
6
4932
4417
8596
3077
9019
413
7179
1854
1057
9124
8822
8416
10323
4369
6531
8386
5400
9120
10475
6652
1944
3419
5026
10011
9426
4906
8465
9666
700
7399
1771
10000
3165
9925
493
3122
6461
741
4624
7815
4168
3908
5486
1987
4069
5441
6594
4415
6571
6245
8159
7743
5345
9267
1408
2613
6263
2946
9049
1569
6396
5206
6249
6730
73
4809
10568
9170
9696
4590
2898
6113
10437
9906
798
729
8702
7519
9311
3809
8744
9132
1077
7241
9818
10109
8696
8432
6829
7219
5303
9177
4842
3353
7239
9964
10526
8496
4592
7587
2821
4229
6345
7062
5009
6099
39
4013
2227
10464
8660
7163
847
9768
9839
3865
5903
942
480
2010
10168
360
5909
7528
1235
10290
8922
1726
4442
9398
8035
1017
10537
8438
4826
800
5099
10153
9636
547
7931
2260
963
574
7912
8786
1356
8954
7639
10405
48
9960
4130
8284
4740
6238
9016
8408
3818
4865
6328
4386
3693
6109
4736
6030
9359
5197
2146
5704
9987
7032
8753
6350
8108
1282
6041
334
6085
8241
2897
9291
6369
1543
706
72
1973
7169
30
6866
965
2282
6074
9369
8695
8494
1090
9547
8661
9611
10456
2198
10092
4222
1123
6963
4814
2052
4982
2208
3324
7564
4047
6033
3266
10399
1413
3717
8662
2153
9881
1654
2463
3668
2452
8508
7549
7412
3457
7905
956
10030
3485
7750
10591
10197
3981
7784
10410
3711
1067
2720
7243
7514
6450
5274
8698
6397
1634
739
804
10351
6321
1200
5432
8545
2370
7929
5635
2074
1495
9763
2038
667
8427
6452
3315
1029
1074
6735
10064
466
7257
1988
7499
10407
5640
3672
7910
3356
7364
6729
3544
2934
6607
8717
6766
4804
8381
1483
9689
3753
8687
2334
2683
108
3879
6264
7751
2486
5029
5205
8587
6702
8886
6356
7732
3614
8097
3635
2612
6094
8151
1309
96
10159
6520
2379
4643
5975
1265
9533
7589
9529
7166
315
992
4509
8402
8983
1132
2007
1626
7447
9861
8208
23
10453
10571
2453
8246
3987
5883
3555
10422
9165
1498
10325
575
4689
5623
817
496
3932
6499
4661
3234
8766
9731
9982
7971
9380
10192
9869
4469
603
5502
4921
6711
5596
10105
3014
6786
10026
10094
8492
7538
7999
671
4868
3418
8796
2214
9493
505
1119
10383
4068
746
8909
1099
7394
6185
430
2116
10524
7133
125
4608
10457
1290
6192
3859
8068
3333
5011
10556
9562
3084
8150
9054
5559
7884
8184
6965
3930
2057
5363
7863
9734
3764
9586
2504
42
8210
822
10272
1453
8424
5801
149
4655
8472
6867
9135
536
812
8697
2994
2750
7944
9445
3911
1322
2229
3260
309
3230
5217
6130
6459
7298
2769
2748
24
4359
6664
8250
6992
3582
3968
320
16
4993
7907
4474
5491
2491
9328
5547
4446
1787
9047
2490
2544
5019
6405
4042
2440
10285
7782
8395
10406
9684
1768
7635
3695
374
3631
3384
2608
9633
8669
9242
932
6599
2041
7934
7799
8537
8052
5459
9400
3031
3919
589
4360
2353
5060
6054
9804
9834
6548
7223
907
1766
2940
302
1114
5503
9027
2371
7889
9742
10243
4441
1292
5987
7108
10280
5079
6069
2630
8486
8304
664
1194
10077
2053
2333
1329
9891
6329
7517
4102
9901
6034
1832
2025
3999
6616
9155
4940
2004
6475
827
9688
9187
3940
4146
10303
6072
1401
774
4114
6947
4885
6336
1943
4489
4694
2012
2415
5901
4874
10063
9222
8731
8614
2240
7906
6575
8082
5608
10339
775
8377
2557
7591
599
2476
10333
6776
153
4127
8742
5272
8076
411
3798
7444
2674
4332
2953
7092
2251
9852
429
3543
438
3344
8149
2707
4443
873
5863
3979
613
8403
9784
364
2775
3837
6794
8937
2899
1363
573
8912
7268
5223
7697
612
7914
8227
71
6140
8083
2905
1171
6962
168
9791
6767
10088
6998
587
3316
4067
8034
2867
4389
2922
2826
7274
473
5534
3465
7988
1163
4466
9439
3929
5093
10331
9101
1655
10287
89
7007
7938
2150
4564
4279
10469
900
6921
8411
9409
9736
8743
474
2667
4743
2887
3843
8179
1191
9272
2497
7279
8165
3069
5798
9825
8450
3701
9226
6156
7392
537
9094
5147
9739
4074
1764
10531
6164
482
9630
7101
7075
1970
3638
10613
3830
5338
9597
9518
10250
1298
4083
7113
8782
9725
1941
431
2477
1740
5709
5876
3937
8053
4055
8967
4254
7550
3387
6564
1159
8713
9312
9744
6023
7446
9620
5950
7806
283
260
6840
1168
1650
2219
1515
6013
9963
1697
611
9499
5350
5410
7495
78
5399
983
755
9051
10241
5609
9927
5488
3032
1550
3609
4494
10466
5815
3232
2657
2615
3318
1379
5358
3241
8892
8655
3963
676
4713
2454
9161
1558
7430
1563
7097
3350
6890
8638
3632
6701
979
8238
6632
2473
3504
10541
9148
5024
5201
2255
8929
1164
4864
8876
6106
596
9699
9091
7061
6372
6554
8259
751
2561
1480
4656
2023
10360
3553
6515
2779
8489
1303
13
6324
8266
8597
9951
8610
391
68
8171
5699
4193
8229
4177
7731
2158
8422
8612
3251
10034
10028
1733
1871
6808
5544
726
6071
4123
3802
1899
3738
940
7911
915
1133
10124
3163
26
10228
9318
3518
7036
4817
1083
1315
324
6592
9849
2506
1334
7114
8568
1549
4062
1893
5769
9422
3978
3203
7151
10181
9188
3554
8739
5721
1715
4021
8964
1466
7935
6148
1516
5330
8594
8962
6046
2536
1607
638
7198
9705
9506
8087
6977
1441
3560
1058
6527
1312
425
7563
8225
2437
8637
4765
3144
8089
6230
10018
3447
5580
1487
4311
4134
3075
9436
9663
10099
1984
8963
4892
5553
8056
296
3709
938
1939
421
8479
2909
8933
4164
2250
2906
5851
672
1976
2233
5960
6565
6798
8455
6914
5767
7146
406
322
10220
3781
3655
10477
4553
2741
8156
10375
1700
201
8036
6305
9387
7238
9000
5228
6949
10152
9036
8546
8810
10436
7159
3256
10584
5516
1996
7119
3627
2335
9034
8258
5734
8970
8070
8774
1586
452
8413
8426
692
9003
9354
3169
10233
2466
10366
424
3983
4218
6363
3201
9929
8579
8906
10413
6539
2732
9308
2319
9816
6038
4848
1008
3495
8642
10052
5741
3012
1201
147
9648
8175
7473
6944
3694
6676
3463
1709
1799
8065
3074
5856
6800
2372
4870
2329
6382
9812
10095
7866
7200
2957
7774
1324
1862
10553
9847
3551
46
8013
2195
8372
3037
6943
7890
8092
1210
249
4695
9143
252
7553
4045
5504
5179
9180
1022
8256
3610
3703
6900
2016
1993
2999
3321
2751
7927
6498
7269
2950
3238
4175
6768
6451
1287
6051
2931
7977
2481
926
8750
8529
6994
630
2061
3043
4994
7117
2383
6689
2024
5142
8540
8549
4766
3216
2637
216
1620
8726
8349
6972
4205
1921
1604
1502
1094
7660
1981
6562
3522
2190
2928
6257
10474
1511
5531
5722
7043
903
1432
7109
6777
4172
4292
1417
2231
8397
10053
3446
6660
9335
9021
7873
1327
9566
8107
3370
7001
4288
7306
8264
825
6430
8502
8936
9113
1288
10093
10345
5545
9537
8261
9040
8380
54
4115
290
3567
8675
9787
2076
1951
6311
5444
5509
6878
1106
7041
3349
9423
7826
2837
5788
2849
2593
3437
2759
4018
10486
1228
6479
9968
8734
112
6837
5501
7128
1415
2030
4391
3583
7089
1394
8330
7603
3386
10340
2917
10142
4551
7948
9977
2735
658
6228
7305
6248
5937
7742
2814
4247
7940
8353
10415
546
3644
1045
5864
9809
6067
4786
8091
10237
8833
7028
5384
10212
785
1392
9304
9159
7460
745
2149
6834
1555
9515
5802
6926
8064
2351
9709
6424
9637
9219
9905
494
1479
5378
4015
9411
9325
4931
1588
280
8832
3541
7155
8852
9037
6760
7451
8124
9961
1509
9415
6661
9525
10131
6411
2475
3989
1777
1945
1172
1107
1075
9166
3454
8255
3408
2761
3398
9788
9634
8894
2027
3007
3152
5792
8650
5072
2888
6546
4293
8292
1271
4598
5683
3877
10281
9850
8046
8474
6593
7575
4155
984
7478
3451
4544
8904
1175
7481
4702
9635
3111
2933
2089
6641
1828
899
10081
6492
4016
8865
1272
4642
9391
164
6666
750
10496
9085
5455
8249
4338
1594
8410
7389
3136
170
1819
7584
4340
707
388
8535
7453
6361
3375
6836
5275
9943
9002
949
4226
10205
9264
3528
4471
9934
10508
7439
6307
2956
9868
10252
3745
723
8965
6050
9460
3924
10601
2469
2781
5222
1706
10544
228
6845
6728
8550
1259
1910
1721
10108
9384
5013